id1,id2,is_clone
6195313,23309807,1
8680491,12066447,1
19002156,20924118,1
1347808,20508693,1
427727,20508693,1
1158840,8702780,1
18880062,20826307,1
1446728,21161481,1
10337387,21161481,1
10264652,14417449,1
1008326,4603629,1
160739,15796840,1
19069826,23309803,1
10600673,19083252,1
7278557,10509561,1
1008326,3109015,1
1820410,14899566,1
20508693,23098143,1
19083252,19301681,1
1347808,5927306,1
2941028,7885446,1
1158840,2941028,1
732800,8680491,1
5724216,7087624,1
5856886,23098143,1
13122193,23383764,1
19002156,19344618,1
2109483,5856886,1
7885446,12066447,1
21520698,22102074,1
732800,1630148,1
4643706,16900369,1
4773756,14134127,1
5150160,22582847,1
16583451,20508693,1
5260867,23099329,1
13122193,23099329,1
17477953,20924118,1
18880062,23634465,1
10337387,11499032,1
413620,5927306,1
21161481,21234510,1
3351872,19565161,1
1605515,13356869,1
131720,272491,1
183254,336689,1
501808,19301681,1
11818436,15126545,1
7577030,17470307,1
7885446,16900369,1
19083252,22582847,1
771802,12066447,1
5856886,14417449,1
6128274,21125948,1
771802,10251387,1
19002156,20856391,1
8804480,21065519,1
7885446,14899566,1
4643706,23188868,1
1605515,20508693,1
1158840,17477953,1
15297120,19083252,1
53461,237568,1
6087658,8804480,1
12783713,23647453,1
1446728,6068118,1
418257,10118207,1
501808,6403868,1
413620,2775424,1
13356869,18880062,1
5260867,23098143,1
6068118,17068622,1
427727,19002156,1
10251387,23098143,1
8722190,19083029,1
2109483,17477953,1
8804480,10062086,1
16583451,23634465,1
16583451,18880061,1
14417449,23188868,1
3253024,4407823,1
2326683,9219797,1
418257,2775424,1
6403868,10912335,1
15796840,20924118,1
1630148,14899566,1
732800,6128274,1
501808,8722190,1
1605515,12783713,1
1116,17022288,1
427727,18880062,1
8680491,20953665,1
19660598,20826307,1
10912333,14417449,1
7278557,15297120,1
20080077,21125948,1
1347808,11277690,1
3861343,14417449,1
20826307,21125948,1
6087658,13946915,1
5260867,10264652,1
2109483,21161481,1
10912335,23383764,1
418257,7885446,1
951388,18880061,1
3253024,7015918,1
7577030,10912333,1
11277690,21125948,1
5953607,14196271,1
13657103,14134127,1
17022288,19301681,1
11818436,14134127,1
427727,10264652,1
418257,10254165,1
7885446,14417449,1
6068118,10254165,1
1446728,23188868,1
5352578,7278557,1
8680491,20080077,1
16583451,17477953,1
6128274,16900369,1
1347808,20826307,1
6403868,19344618,1
2096403,23160103,1
16900369,17068622,1
2941028,15796840,1
1820410,12783713,1
14783950,21161481,1
6403868,23160103,1
6068118,23098143,1
598994,771802,1
5927306,14196271,1
13657103,15126545,1
413620,21234510,1
3253024,7396681,1
2775424,10912335,1
762814,4643706,1
418257,5927306,1
10337387,13122193,1
2775424,19344618,1
427727,10118207,1
7396681,7655679,1
975289,8931241,1
598994,11499032,1
1630148,11277690,1
19344618,23188868,1
5953607,21125948,1
413620,23634465,1
14134127,14417449,1
11658686,20826307,1
6128274,10912333,1
4773756,5856886,1
6128274,17068622,1
19002156,20080077,1
7577030,23634465,1
15796840,23099329,1
732800,13940142,1
6068118,21125948,1
59823,61347,1
1605515,19002156,1
19344618,23098143,1
951388,1630148,1
5856886,7885446,1
1116,19565161,1
19002156,23098143,1
1347808,6403868,1
687106,7015918,1
14783950,17470307,1
5260867,14783950,1
4407823,4603629,1
14783950,23647453,1
6128274,10337387,1
82859,494838,1
501808,10600673,1
427727,21234510,1
4643706,11818436,1
732800,1605515,1
5150160,22102074,1
8804480,22102074,1
6087658,15297120,1
8722190,10062086,1
10264652,14899566,1
1158840,16583451,1
413620,10337387,1
11658686,23098143,1
12234839,21520698,1
1605515,5260867,1
3351872,17022288,1
21065519,23309807,1
19344618,23383764,1
10118207,20856391,1
1158840,7885446,1
20826307,23099329,1
10600673,19083029,1
11339042,14134127,1
160739,4773756,1
4603629,7087624,1
5927306,8680491,1
1446728,20080077,1
20924118,21161481,1
13940142,19344618,1
14783950,19660598,1
19979783,20953665,1
19002156,23188868,1
413620,1820410,1
82859,237568,1
427727,23098143,1
1158840,5260867,1
6195313,19565161,1
501808,23309803,1
12066447,20856391,1
598994,19002156,1
6068118,10912335,1
2775424,11499032,1
3861343,10337387,1
22582847,23160103,1
778875,14899566,1
732800,11277690,1
418257,732800,1
13122193,17470307,1
5472665,23160103,1
762814,6068118,1
6403868,21454371,1
598994,5260867,1
762814,771802,1
3456233,21520698,1
732800,13657103,1
66299,373673,1
3861343,7577030,1
2096403,4724024,1
1605515,1630148,1
5352578,10509561,1
3456233,4724024,1
501808,5150160,1
951388,17470307,1
8680491,13122193,1
501808,15297120,1
732800,21454371,1
160739,21454371,1
5472665,22582847,1
7577030,12783713,1
2775424,14783950,1
6087658,10509561,1
951388,2109483,1
413620,951388,1
18880061,20080077,1
19979783,23383764,1
11658686,14134127,1
19344618,20856391,1
1116,10600673,1
427727,15126545,1
10118207,19002156,1
501808,10509561,1
6068118,12783713,1
1630148,11339042,1
7655679,8931241,1
1347808,12783713,1
6128274,23383764,1
10254165,13122193,1
3861343,12783713,1
11277690,14899566,1
8702780,15126545,1
14134127,19002156,1
2775424,11277690,1
3109016,4407823,1
8702780,11277690,1
13356869,23634465,1
4643706,15796840,1
7885446,14783950,1
10062086,10509561,1
4603629,8931241,1
1008326,6037296,1
771802,15126545,1
4773756,23383764,1
160739,20924118,1
2109483,14134127,1
7577030,11658686,1
2941028,19002156,1
160739,12066447,1
1116,19301681,1
8680491,20826307,1
7885446,23099329,1
21454371,23647453,1
1347808,2941028,1
15297119,17022288,1
11499032,17068622,1
771802,11277690,1
15796840,21125948,1
19344618,20080077,1
4724024,23309803,1
11499032,11818436,1
598994,2941028,1
5953607,11339042,1
13122193,16900369,1
4643706,19002156,1
2775424,6403868,1
10337387,20953665,1
160739,20080077,1
6128274,11499032,1
5260867,15126545,1
10264652,10912335,1
13122193,14899566,1
5017412,7396681,1
4724024,21520698,1
10118207,12783713,1
17477953,21125948,1
8680491,23098143,1
14417449,19660598,1
2941028,18880062,1
413620,19344618,1
5856886,10264652,1
6403868,17022288,1
17470307,21234510,1
413620,11658686,1
1008326,7015918,1
10254165,13940142,1
1630148,5927306,1
3351872,23309803,1
5150160,17022288,1
13946914,21520698,1
6403868,13122193,1
771802,4773756,1
6128274,10251387,1
6087658,23309807,1
427727,14899566,1
1630148,4643706,1
598994,10337387,1
12066447,13657103,1
5260867,12066447,1
6195313,19083252,1
598994,5927306,1
19344618,20826307,1
10337387,23099329,1
4643706,8680491,1
4643706,18880061,1
3456232,5150160,1
14417449,23634465,1
16900369,19660598,1
2109483,4643706,1
732800,10251387,1
3861343,23099329,1
5953607,12066447,1
4643706,20924118,1
15297119,19083252,1
10337387,18880061,1
11818436,14196271,1
7885446,10118207,1
10118207,16583451,1
951388,19979783,1
5893532,10151252,1
1605515,21234510,1
19002156,21125948,1
1820410,20924118,1
131720,257008,1
418257,23647453,1
23098143,23634465,1
5856886,14134127,1
8804480,23309803,1
16583451,23099329,1
19979783,20080077,1
8722190,19565161,1
4643706,5260867,1
6128274,15796840,1
6195313,23309803,1
10118207,11658686,1
19301681,21520698,1
2109483,23099329,1
5953607,14783950,1
3456233,23309803,1
3861343,10912333,1
10337387,21125948,1
11818436,14417449,1
14134127,19979783,1
5953607,20826307,1
3109015,4603629,1
732800,5953607,1
13657103,18880061,1
771802,5260867,1
13946915,19301681,1
1630148,10264652,1
1446728,5260867,1
160739,21125948,1
2109483,14417449,1
598994,10912333,1
10118207,11339042,1
11818436,23098143,1
2859255,11520257,1
20826307,21161481,1
1630148,19979783,1
18880062,19660598,1
5927306,21161481,1
4643706,21234510,1
5260867,6068118,1
11277690,23383764,1
11818436,18880061,1
2775424,4773756,1
5856886,20924118,1
1158840,5953607,1
4643706,14196271,1
21234510,23634465,1
20508693,21125948,1
8702780,14134127,1
2096403,3456232,1
10062086,13946915,1
32681,373673,1
15297119,21065519,1
5953607,20924118,1
19083029,21520698,1
20856391,23098143,1
951388,1347808,1
6195313,15297120,1
418257,1446728,1
975289,6368468,1
6037296,6368468,1
61347,66299,1
413620,16583451,1
5724216,6037296,1
10118207,20508693,1
427727,8702780,1
20508693,20856391,1
23160103,23309803,1
2859255,21635675,1
3109015,7087624,1
3456233,19565161,1
14134127,21234510,1
771802,11818436,1
19660598,23099329,1
1630148,16900369,1
418257,10337387,1
6068118,20080077,1
18880062,21125948,1
13946915,17022288,1
13122193,23647453,1
6068118,8702780,1
427727,17470307,1
6195313,10509561,1
14417449,21161481,1
17068622,20826307,1
5953607,21454371,1
272491,373673,1
1605515,11277690,1
19301681,22102074,1
8722190,22582847,1
3456233,19069826,1
3861343,16583451,1
17068622,20080077,1
762814,16900369,1
21161481,23634465,1
2775424,7577030,1
5927306,17477953,1
762814,23383764,1
82859,488320,1
18880061,23634465,1
951388,19344618,1
5260867,13940142,1
4773756,12783713,1
2775424,14899566,1
19979783,20508693,1
6128274,11339042,1
1820410,19979783,1
19660598,20080077,1
53461,257008,1
6195313,21065519,1
771802,21161481,1
5927306,12066447,1
5927306,11339042,1
2109483,14196271,1
951388,14196271,1
1347808,12066447,1
20924118,23647453,1
10264652,13356869,1
2775424,7885446,1
2775424,21234510,1
1630148,20080077,1
5927306,20924118,1
12783713,14134127,1
2941028,10118207,1
12783713,19344618,1
32681,59823,1
1630148,17068622,1
1820410,13356869,1
13946914,15297119,1
21065519,23160103,1
10254165,20508693,1
598994,11818436,1
762814,13356869,1
6128274,21234510,1
15796840,20826307,1
1630148,15796840,1
413620,20080077,1
418257,16900369,1
10264652,17477953,1
5150160,19069826,1
1605515,6403868,1
951388,14134127,1
778875,3861343,1
11499032,13657103,1
10337387,16583451,1
418257,19979783,1
2941028,17068622,1
5953607,18880061,1
6403868,11277690,1
143860,368808,1
10600673,21065519,1
427727,6128274,1
18880062,19344618,1
59823,66299,1
17068622,20508693,1
10251387,14417449,1
10264652,10337387,1
687106,6037295,1
10254165,23634465,1
10264652,20856391,1
4603629,6368468,1
20924118,23098143,1
10254165,21454371,1
21234510,23383764,1
22102074,23309807,1
598994,732800,1
160739,14783950,1
14196271,20508693,1
1347808,23647453,1
427727,14196271,1
18880062,20508693,1
5352578,23160103,1
5953607,8702780,1
3456233,15297120,1
10254165,13657103,1
778875,1820410,1
17470307,23098143,1
17470307,19344618,1
7577030,21454371,1
6195313,10062086,1
2109483,10254165,1
1446728,14783950,1
5927306,23099329,1
13940142,14134127,1
3456232,8804480,1
418257,10912335,1
3351872,5352578,1
10251387,12783713,1
1347808,20856391,1
17470307,20856391,1
10912335,20080077,1
61347,272491,1
11818436,12066447,1
23099329,23634465,1
2941028,19979783,1
6128274,17477953,1
975289,4407823,1
14783950,18880062,1
4643706,17068622,1
951388,5927306,1
2109483,15126545,1
778875,8702780,1
3351872,6195313,1
427727,13940142,1
427727,23383764,1
5927306,8702780,1
732800,778875,1
11339042,13940142,1
160739,12783713,1
11658686,18880062,1
82859,257008,1
10509561,23309807,1
16583451,21125948,1
1158840,20508693,1
1347808,5856886,1
3253024,4468255,1
8702780,10912333,1
1158840,1446728,1
687106,8931241,1
16583451,19660598,1
778875,6128274,1
6087658,19083029,1
418257,23099329,1
11818436,20826307,1
5953607,14899566,1
5953607,17470307,1
66299,82859,1
762814,1820410,1
951388,8680491,1
1605515,10254165,1
11499032,23188868,1
413620,17068622,1
17068622,21234510,1
10912333,17470307,1
16583451,23188868,1
2109483,4773756,1
1820410,19344618,1
11818436,21125948,1
14134127,15126545,1
3109016,6368468,1
11818436,14899566,1
14134127,18880061,1
501808,4724024,1
6068118,20924118,1
1158840,20080077,1
598994,3861343,1
10254165,20856391,1
6403868,17470307,1
13356869,14417449,1
1820410,21161481,1
13940142,21125948,1
2096403,5472665,1
10912333,16900369,1
13940142,20924118,1
53592,257008,1
10264652,14134127,1
13946914,22582847,1
1630148,17470307,1
1605515,23098143,1
20953665,23099329,1
10251387,11277690,1
413620,13356869,1
13122193,14783950,1
11658686,13356869,1
771802,6128274,1
5352578,19069826,1
8680491,14417449,1
11818436,23188868,1
11339042,14899566,1
12783713,21454371,1
13657103,23383764,1
19083029,23309803,1
66299,143860,1
5352578,22792098,1
5260867,23647453,1
12783713,21125948,1
16900369,23099329,1
12066447,18880062,1
2109483,23188868,1
14783950,16900369,1
16900369,19979783,1
2326683,3058818,1
13122193,20508693,1
1446728,8680491,1
11339042,11818436,1
10254165,11499032,1
1158840,10118207,1
10337387,19344618,1
8702780,14196271,1
7885446,10912335,1
4468255,7087624,1
1630148,6128274,1
1630148,20508693,1
6087658,22792098,1
13122193,23098143,1
20080077,20826307,1
2109483,20856391,1
13122193,14417449,1
2109483,16900369,1
1446728,10912333,1
1158840,1820410,1
160739,13940142,1
6068118,20826307,1
418257,20856391,1
1116,8722190,1
6403868,19660598,1
13946914,19301681,1
13122193,21161481,1
687106,3109016,1
15126545,15796840,1
1158840,4643706,1
732800,21161481,1
10264652,12066447,1
53461,429198,1
10600673,22792098,1
14899566,19344618,1
10264652,17068622,1
762814,951388,1
5260867,16900369,1
732800,7885446,1
8722190,21520698,1
598994,21125948,1
951388,2941028,1
1158840,15126545,1
427727,14417449,1
7885446,23188868,1
975289,7015918,1
427727,23647453,1
4643706,5927306,1
12783713,18880062,1
20080077,23099329,1
2941028,4643706,1
10337387,14196271,1
11658686,14417449,1
66299,368808,1
8702780,11499032,1
762814,20080077,1
3861343,21125948,1
11818436,17068622,1
1116,6195313,1
2109483,7885446,1
2941028,13657103,1
19979783,23098143,1
18880062,23647453,1
7577030,14783950,1
3109015,8931241,1
5352578,12234839,1
1820410,13940142,1
1605515,4643706,1
13356869,19660598,1
20080077,23188868,1
11818436,20856391,1
20953665,23098143,1
3456233,17022288,1
5472665,23309807,1
17470307,23188868,1
778875,21234510,1
13940142,21161481,1
4773756,15126545,1
15126545,19344618,1
5927306,6068118,1
11818436,20953665,1
17477953,23098143,1
17068622,21161481,1
21065519,22102074,1
6087658,21520698,1
598994,16900369,1
19083029,21065519,1
4407823,8931241,1
10118207,23634465,1
3861343,17477953,1
6403868,20856391,1
2715258,2859255,1
1820410,10254165,1
5260867,13356869,1
10254165,11277690,1
21520698,23309807,1
501808,22102074,1
15796840,19660598,1
59823,429198,1
951388,19660598,1
8680491,11339042,1
6068118,10118207,1
1158840,4773756,1
12783713,14196271,1
771802,14417449,1
19083252,23160103,1
3861343,13122193,1
15297120,17022288,1
5927306,11499032,1
11277690,19660598,1
10600673,23160103,1
13122193,20953665,1
5953607,10251387,1
23098143,23647453,1
5150160,10509561,1
7278557,10062086,1
5856886,20826307,1
53461,373673,1
10264652,19660598,1
15297119,19301681,1
1446728,18880061,1
1446728,20924118,1
778875,11339042,1
762814,10337387,1
10912335,14783950,1
19301681,23309803,1
13940142,23634465,1
160739,19344618,1
14417449,23383764,1
10251387,11658686,1
2096403,19083029,1
13946914,15297120,1
2775424,19002156,1
778875,2941028,1
7577030,10254165,1
413620,20953665,1
2096403,13946915,1
14417449,23098143,1
2109483,6068118,1
1158840,1605515,1
5856886,17470307,1
6068118,20953665,1
12066447,13122193,1
778875,5260867,1
32681,272491,1
18880062,20080077,1
3456232,19565161,1
2109483,11499032,1
2941028,10337387,1
732800,13122193,1
10062086,22582847,1
5472665,17022288,1
4643706,10254165,1
10251387,20953665,1
6068118,11277690,1
7885446,16583451,1
2326683,17871426,1
10254165,15126545,1
5472665,21520698,1
160739,2109483,1
8702780,10912335,1
2941028,17470307,1
6403868,16583451,1
10264652,11277690,1
61347,488320,1
14196271,23188868,1
12234839,17022288,1
10062086,22792098,1
771802,7885446,1
8680491,21234510,1
2775424,2941028,1
160739,23647453,1
1605515,11658686,1
5953607,23647453,1
17068622,20856391,1
2941028,10254165,1
10600673,12234839,1
59823,237568,1
778875,19002156,1
1116,21520698,1
20924118,21234510,1
762814,21234510,1
160739,10264652,1
598994,20508693,1
413620,10264652,1
4643706,13122193,1
413620,23188868,1
2109483,10912335,1
762814,23647453,1
1347808,13940142,1
13940142,20080077,1
12234839,19083029,1
32681,257008,1
501808,19083252,1
8680491,17068622,1
1347808,11818436,1
1820410,20953665,1
5856886,8680491,1
13940142,15796840,1
20080077,23634465,1
1630148,2775424,1
14196271,14899566,1
6037296,8931241,1
19344618,23647453,1
418257,10264652,1
160739,8702780,1
10264652,13940142,1
10600673,13946914,1
4643706,23634465,1
2941028,20508693,1
10062086,19301681,1
14783950,19344618,1
1820410,11658686,1
501808,6195313,1
6403868,15297120,1
5856886,8702780,1
10062086,23160103,1
762814,11339042,1
160739,2775424,1
10912335,11658686,1
1630148,17477953,1
14134127,23099329,1
17477953,23647453,1
8680491,12783713,1
1158840,6128274,1
14899566,16583451,1
778875,2775424,1
13356869,14783950,1
687106,7655679,1
15126545,17068622,1
20080077,20924118,1
19565161,23309803,1
5856886,19660598,1
10251387,23099329,1
10118207,18880062,1
16583451,20924118,1
598994,10264652,1
413620,20826307,1
2090333,4988270,1
13940142,16900369,1
2775424,5953607,1
6087658,8722190,1
762814,1446728,1
20856391,21161481,1
10251387,19979783,1
15126545,16900369,1
14134127,14783950,1
11339042,17068622,1
8702780,23383764,1
20080077,21454371,1
1820410,7577030,1
1158840,2109483,1
427727,17477953,1
160739,16583451,1
23099329,23188868,1
2109483,16583451,1
732800,14783950,1
237568,272491,1
771802,23634465,1
10337387,21234510,1
598994,4643706,1
4724024,10509561,1
975289,3253024,1
488320,494838,1
160739,13122193,1
778875,10264652,1
2109483,10337387,1
14417449,20826307,1
1158840,11658686,1
10062086,19069826,1
1630148,21161481,1
3861343,13657103,1
5260867,14134127,1
975289,4603629,1
13946914,22102074,1
14196271,23099329,1
53461,494838,1
1630148,23188868,1
2096403,3351872,1
7577030,20826307,1
19344618,19660598,1
8702780,11658686,1
8680491,13940142,1
3109015,5017412,1
10251387,14134127,1
11499032,16900369,1
6068118,14417449,1
1347808,14899566,1
5150160,21520698,1
1605515,18880062,1
11277690,13657103,1
5150160,12234839,1
11339042,12066447,1
1820410,14783950,1
771802,2941028,1
2941028,18880061,1
10337387,13940142,1
16583451,20953665,1
15297119,19083029,1
19344618,21125948,1
11277690,13940142,1
413620,3861343,1
951388,11277690,1
3456233,19301681,1
11658686,19660598,1
8702780,10118207,1
6403868,19069826,1
13122193,16583451,1
1347808,13356869,1
778875,1347808,1
10062086,19083029,1
2775424,14134127,1
1446728,21234510,1
8680491,10251387,1
19002156,23647453,1
8680491,14783950,1
732800,5260867,1
1605515,2109483,1
5856886,23383764,1
14899566,18880061,1
6403868,8804480,1
2775424,3861343,1
13946914,17022288,1
1008326,8931241,1
5856886,23099329,1
4407823,6368468,1
13946915,22102074,1
762814,5856886,1
12234839,13946915,1
5472665,19301681,1
771802,21125948,1
732800,5856886,1
413620,17477953,1
1347808,7885446,1
1820410,23634465,1
413620,598994,1
1189509,4672830,1
762814,10264652,1
5260867,11818436,1
1630148,13122193,1
20826307,23188868,1
13356869,23098143,1
4773756,21125948,1
3861343,15796840,1
413620,15796840,1
10251387,20508693,1
4643706,10912333,1
8702780,23099329,1
501808,8804480,1
7885446,20826307,1
2941028,15126545,1
13946915,22582847,1
427727,598994,1
11658686,18880061,1
6128274,19002156,1
771802,20924118,1
18880062,20953665,1
8702780,12066447,1
14417449,14899566,1
16900369,23647453,1
11339042,19002156,1
1446728,10118207,1
2096403,15297120,1
13356869,23099329,1
6128274,10118207,1
18880062,20856391,1
2775424,20508693,1
2775424,23647453,1
6087658,6403868,1
3456233,19083252,1
4603629,5724216,1
11277690,16583451,1
13946914,19083029,1
17068622,21454371,1
15126545,18880062,1
5856886,23634465,1
59823,143860,1
501808,13946914,1
1605515,7885446,1
8702780,11339042,1
131723,131726,1
1605515,10251387,1
3456232,22102074,1
160739,23098143,1
11339042,14196271,1
2941028,14899566,1
17470307,20953665,1
1605515,2941028,1
3861343,5856886,1
975289,3109016,1
17068622,18880062,1
10264652,13122193,1
20924118,20953665,1
8680491,19660598,1
19083029,23160103,1
7278557,8722190,1
2715258,8267314,1
3351872,15297120,1
1605515,5927306,1
1158840,5927306,1
14417449,20508693,1
18880062,23188868,1
10251387,13356869,1
732800,23647453,1
7885446,20924118,1
5260867,17470307,1
5953607,10254165,1
10912335,23647453,1
1446728,23634465,1
975289,7655679,1
5352578,23309807,1
7885446,18880062,1
5856886,19344618,1
1446728,6128274,1
598994,18880062,1
951388,11818436,1
6068118,19660598,1
4643706,13356869,1
3456233,7278557,1
21520698,22792098,1
10337387,17470307,1
762814,19660598,1
5927306,19344618,1
5953607,23188868,1
5927306,12783713,1
1347808,10264652,1
732800,19660598,1
598994,13122193,1
10912335,21454371,1
771802,5953607,1
10600673,22102074,1
1347808,15796840,1
3861343,23188868,1
2775424,18880062,1
771802,8680491,1
11499032,18880062,1
4773756,7577030,1
7885446,21125948,1
5856886,10912335,1
160739,15126545,1
53461,53592,1
1820410,14417449,1
13657103,17068622,1
5856886,15796840,1
7577030,14417449,1
10264652,15796840,1
160739,7885446,1
413620,7577030,1
8722190,10600673,1
4468255,7396681,1
11277690,17068622,1
4643706,19660598,1
13356869,19979783,1
160739,4643706,1
5724216,7015918,1
10337387,20080077,1
14196271,15126545,1
15796840,21161481,1
1820410,3861343,1
3351872,4724024,1
5953607,8680491,1
13940142,14196271,1
8680491,15126545,1
413620,23099329,1
418257,2941028,1
11818436,16900369,1
951388,23647453,1
1158840,20856391,1
1347808,5953607,1
1820410,13657103,1
5927306,20508693,1
17477953,18880061,1
11658686,14196271,1
11339042,21125948,1
2775424,12066447,1
17068622,19002156,1
10912335,14134127,1
10264652,23647453,1
143860,237568,1
13657103,16583451,1
10912335,18880061,1
1820410,21234510,1
19083252,21520698,1
4724024,5352578,1
10264652,19344618,1
1347808,13122193,1
10118207,17477953,1
17068622,23098143,1
11339042,15796840,1
6068118,20856391,1
20508693,21454371,1
771802,23647453,1
10337387,23647453,1
6368468,7396681,1
11658686,23634465,1
13122193,23188868,1
4773756,10251387,1
4724024,5472665,1
160739,20508693,1
1630148,23098143,1
762814,15126545,1
427727,14783950,1
418257,23383764,1
3253024,7655679,1
12783713,19979783,1
2109483,20953665,1
5260867,23634465,1
427727,13356869,1
3861343,16900369,1
771802,951388,1
732800,20856391,1
53592,131720,1
771802,21454371,1
53592,488320,1
4643706,23647453,1
2775424,11818436,1
771802,12783713,1
3456233,8804480,1
3861343,14196271,1
19301681,19565161,1
10912335,17477953,1
7885446,15796840,1
5260867,11658686,1
418257,5260867,1
7278557,23309807,1
3861343,10254165,1
598994,20856391,1
2109483,11339042,1
21065519,22792098,1
257008,494838,1
6087658,19069826,1
19565161,22102074,1
19083252,23309807,1
418257,598994,1
160739,6403868,1
1446728,13356869,1
5953607,23634465,1
762814,17068622,1
6068118,17477953,1
951388,23188868,1
10912333,18880061,1
7885446,13940142,1
7577030,18880062,1
5927306,17470307,1
6128274,7885446,1
8680491,16583451,1
4773756,14196271,1
7278557,12234839,1
771802,16900369,1
8680491,14899566,1
13940142,19002156,1
413620,17470307,1
61347,131720,1
8680491,10264652,1
7885446,11818436,1
160739,771802,1
732800,1158840,1
5856886,20508693,1
3456233,8722190,1
6128274,20826307,1
5150160,23309807,1
10062086,21065519,1
1605515,16900369,1
14417449,21454371,1
7885446,21454371,1
13946914,22792098,1
10337387,19660598,1
1630148,10912335,1
6068118,10264652,1
13356869,20856391,1
7885446,10251387,1
1158840,17068622,1
10254165,21234510,1
160739,11339042,1
778875,8680491,1
14417449,19979783,1
427727,23634465,1
143860,488320,1
418257,8680491,1
1605515,11499032,1
6068118,18880062,1
778875,13122193,1
3861343,21161481,1
5927306,14783950,1
11339042,11499032,1
1605515,16583451,1
427727,16583451,1
1446728,5927306,1
19083029,23309807,1
131720,373673,1
6128274,19979783,1
6195313,19069826,1
10118207,13940142,1
59823,257008,1
732800,19979783,1
12234839,23160103,1
1605515,20856391,1
8804480,13946915,1
3456232,4724024,1
778875,20508693,1
17068622,17470307,1
3351872,6403868,1
1446728,16900369,1
1116,23309807,1
6403868,20826307,1
7577030,19660598,1
3456232,22582847,1
6037295,7087624,1
13657103,23099329,1
5352578,21520698,1
771802,6068118,1
8722190,23309803,1
14196271,21161481,1
13657103,20924118,1
771802,778875,1
11277690,15126545,1
7278557,23309803,1
3861343,11658686,1
427727,12783713,1
19301681,22582847,1
21161481,21454371,1
2775424,16900369,1
160739,11818436,1
951388,12783713,1
6403868,18880061,1
20856391,23188868,1
771802,17470307,1
1605515,10912335,1
19301681,23309807,1
951388,13356869,1
8804480,19083252,1
427727,11658686,1
14899566,16900369,1
427727,18880061,1
7577030,17477953,1
427727,2775424,1
2775424,20826307,1
771802,11658686,1
12234839,19565161,1
22582847,23309803,1
1116,23160103,1
11499032,17470307,1
8680491,23099329,1
13657103,23188868,1
2775424,13657103,1
7278557,19069826,1
53461,143860,1
6403868,10600673,1
32681,53461,1
6368468,7655679,1
951388,10251387,1
687106,5724216,1
1630148,11658686,1
1116,3456233,1
1116,19069826,1
7278557,19565161,1
4643706,19344618,1
762814,23098143,1
14196271,19002156,1
12234839,22792098,1
778875,19979783,1
13122193,18880062,1
1347808,4773756,1
778875,15126545,1
11818436,13122193,1
82859,272491,1
7885446,23383764,1
418257,6403868,1
598994,6403868,1
12234839,13946914,1
7577030,14134127,1
5856886,13657103,1
8702780,10254165,1
143860,429198,1
2109483,23383764,1
6403868,23647453,1
2096403,10509561,1
2109483,12783713,1
6403868,8680491,1
778875,11499032,1
10912333,20080077,1
4724024,6087658,1
6403868,23309807,1
1820410,6068118,1
413620,4773756,1
32681,61347,1
1158840,11818436,1
19002156,23634465,1
10251387,14899566,1
413620,8680491,1
257008,429198,1
160739,23383764,1
778875,12783713,1
11818436,23099329,1
951388,14417449,1
1605515,19979783,1
8702780,23647453,1
17470307,19660598,1
2109483,8680491,1
11339042,23383764,1
1446728,10337387,1
8267314,11520257,1
59823,131720,1
10912333,23188868,1
160739,10912333,1
6037295,7015918,1
413620,762814,1
18880062,23099329,1
501808,3456233,1
418257,1158840,1
8722190,12234839,1
11658686,14899566,1
6368468,8931241,1
4773756,20924118,1
10509561,19565161,1
12066447,17470307,1
10251387,18880061,1
6195313,6403868,1
3058818,9219797,1
4773756,13356869,1
418257,11658686,1
12066447,16583451,1
1008326,6368468,1
15796840,17470307,1
3351872,22792098,1
5260867,19002156,1
4643706,17470307,1
10118207,20924118,1
1347808,23099329,1
17068622,20924118,1
1820410,10118207,1
1347808,14783950,1
66299,494838,1
6087658,23160103,1
1446728,13940142,1
778875,14417449,1
771802,1158840,1
5856886,5927306,1
732800,20924118,1
14899566,23099329,1
413620,5953607,1
413620,1630148,1
732800,16900369,1
598994,19344618,1
1116,13946915,1
951388,17477953,1
19344618,20508693,1
3861343,10912335,1
4643706,20856391,1
5856886,11658686,1
732800,18880061,1
6368468,7087624,1
1347808,1605515,1
1820410,11277690,1
427727,21454371,1
13356869,14899566,1
5352578,19083252,1
9219797,17871426,1
3351872,19083029,1
598994,23188868,1
10062086,10600673,1
18880061,23188868,1
762814,8702780,1
8680491,23188868,1
8804480,15297119,1
19083029,19301681,1
21234510,23098143,1
10251387,10912333,1
2775424,5927306,1
3861343,8680491,1
11277690,20080077,1
3861343,19660598,1
11339042,14783950,1
19660598,23647453,1
3456232,23309807,1
19083029,22582847,1
1347808,13657103,1
5953607,16583451,1
10509561,19069826,1
3456233,13946914,1
11277690,21234510,1
20953665,21125948,1
1820410,13122193,1
1630148,15126545,1
8702780,13657103,1
59823,82859,1
598994,21234510,1
20826307,23647453,1
951388,4773756,1
951388,15796840,1
19002156,23383764,1
10254165,11818436,1
8702780,20924118,1
12783713,14899566,1
413620,1347808,1
15297119,21520698,1
1605515,2775424,1
4643706,8702780,1
1116,7278557,1
3351872,12234839,1
7278557,23160103,1
598994,7577030,1
10264652,16583451,1
1116,501808,1
2941028,23647453,1
72610,102105,1
7885446,20508693,1
160739,18880062,1
5260867,5953607,1
1446728,17470307,1
15796840,19979783,1
13356869,14134127,1
5724216,7655679,1
5352578,22582847,1
6403868,23099329,1
8702780,19002156,1
413620,5260867,1
10264652,14196271,1
17022288,19565161,1
598994,4773756,1
427727,10251387,1
10118207,11277690,1
13356869,15796840,1
15126545,20953665,1
7885446,21161481,1
10264652,19002156,1
1158840,23634465,1
12066447,20080077,1
8702780,16900369,1
8680491,23634465,1
732800,1347808,1
8804480,12234839,1
13657103,20826307,1
10118207,21234510,1
12783713,17470307,1
7577030,11339042,1
16583451,19002156,1
2096403,12234839,1
771802,13122193,1
5150160,19301681,1
11658686,17470307,1
4643706,6128274,1
6403868,13940142,1
22102074,22582847,1
1347808,11499032,1
10254165,14417449,1
598994,778875,1
1820410,17470307,1
10251387,10337387,1
598994,20953665,1
1630148,7577030,1
8267314,11520258,1
3861343,18880061,1
1630148,12066447,1
3109016,5724216,1
11339042,23098143,1
427727,10912333,1
6403868,20924118,1
10118207,14196271,1
6037295,6368468,1
160739,1158840,1
5150160,15297120,1
10264652,17470307,1
11339042,16900369,1
687106,6368468,1
1116,22792098,1
2941028,14196271,1
14783950,15796840,1
6403868,14783950,1
3456233,22792098,1
20508693,20924118,1
10264652,18880061,1
778875,13657103,1
3861343,4643706,1
5260867,20508693,1
951388,6403868,1
22102074,23160103,1
2941028,11339042,1
762814,11818436,1
3456233,22102074,1
11277690,13356869,1
13657103,19002156,1
20856391,21454371,1
10118207,23188868,1
1158840,1347808,1
778875,23383764,1
12066447,13356869,1
10254165,10264652,1
413620,10118207,1
20508693,20826307,1
11499032,13122193,1
12066447,23098143,1
4643706,14134127,1
3253024,6368468,1
10118207,21161481,1
1446728,11499032,1
5927306,23383764,1
19660598,20924118,1
10254165,20924118,1
778875,14134127,1
21065519,21520698,1
11499032,23383764,1
598994,11339042,1
6403868,11658686,1
10264652,20826307,1
6403868,19083252,1
2096403,21520698,1
7577030,23383764,1
501808,19069826,1
1446728,19979783,1
11499032,21454371,1
6128274,11277690,1
7577030,18880061,1
2109483,21454371,1
8680491,23383764,1
4773756,11277690,1
13356869,17470307,1
6128274,20924118,1
143860,373673,1
10251387,14783950,1
2775424,23099329,1
951388,18880062,1
14196271,17470307,1
4773756,8680491,1
3456232,8722190,1
732800,6403868,1
13657103,14196271,1
1158840,23188868,1
5150160,21065519,1
732800,10337387,1
12066447,14417449,1
10251387,16900369,1
14134127,17470307,1
14196271,21454371,1
2941028,21161481,1
8680491,16900369,1
771802,20856391,1
778875,21125948,1
3861343,23383764,1
6403868,12783713,1
4773756,20508693,1
17470307,21454371,1
8702780,14899566,1
732800,12066447,1
2096403,22582847,1
1820410,11339042,1
2109483,23647453,1
5856886,10251387,1
257008,373673,1
5927306,19979783,1
5927306,20080077,1
598994,1347808,1
1630148,16583451,1
2775424,23383764,1
12783713,23098143,1
598994,5953607,1
3351872,22102074,1
4643706,11499032,1
14196271,20080077,1
5260867,20953665,1
11818436,18880062,1
10118207,15126545,1
6037296,7015918,1
13122193,15126545,1
4773756,20953665,1
21125948,23188868,1
413620,10254165,1
3456233,5150160,1
16900369,21125948,1
3456233,22582847,1
413620,23647453,1
13122193,13657103,1
8804480,19301681,1
771802,14783950,1
13657103,17477953,1
418257,17470307,1
4468255,7655679,1
427727,2109483,1
2109483,6128274,1
12783713,14783950,1
4773756,11818436,1
15126545,23383764,1
418257,20953665,1
4603629,6037296,1
6403868,19979783,1
160739,418257,1
7577030,20953665,1
11339042,19979783,1
501808,5352578,1
6128274,23188868,1
1820410,14196271,1
4724024,13946915,1
10062086,13946914,1
1446728,14899566,1
13122193,21125948,1
5260867,17068622,1
1347808,19344618,1
413620,2941028,1
1008326,7396681,1
4773756,23188868,1
1630148,2941028,1
1605515,13657103,1
10254165,17068622,1
10337387,20924118,1
12783713,20508693,1
5260867,20826307,1
10337387,14783950,1
10912333,11339042,1
13356869,21125948,1
8722190,19069826,1
13122193,13940142,1
778875,20924118,1
418257,4643706,1
951388,13657103,1
5017412,6037295,1
1347808,21161481,1
8680491,20508693,1
1630148,10251387,1
10912335,17470307,1
7577030,23099329,1
413620,1605515,1
17022288,22582847,1
1158840,14134127,1
160739,427727,1
5927306,19002156,1
13940142,18880061,1
11818436,19344618,1
19344618,23634465,1
1630148,3861343,1
13657103,15796840,1
14783950,15126545,1
418257,1347808,1
14783950,21125948,1
5856886,11818436,1
1446728,1605515,1
778875,14196271,1
1820410,7885446,1
3861343,17470307,1
13946915,15297120,1
19979783,21161481,1
778875,20826307,1
16583451,16900369,1
13946914,19083252,1
5856886,18880062,1
10118207,13122193,1
21454371,23634465,1
373673,494838,1
10600673,19301681,1
1116,2096403,1
14134127,16900369,1
2775424,6068118,1
21454371,23383764,1
1347808,21125948,1
18880061,21125948,1
17068622,20953665,1
2090333,4672830,1
771802,23383764,1
18880061,23098143,1
10254165,14783950,1
10254165,10912335,1
1116,4724024,1
14196271,16583451,1
20508693,21161481,1
6403868,14134127,1
10118207,20826307,1
5472665,6403868,1
14417449,19002156,1
762814,10254165,1
1446728,11818436,1
11277690,17470307,1
7885446,17068622,1
23188868,23647453,1
1605515,15126545,1
14783950,21234510,1
10062086,23309803,1
1446728,11277690,1
5472665,21065519,1
11499032,21125948,1
6068118,11339042,1
8702780,20826307,1
1446728,15126545,1
771802,1820410,1
6403868,11818436,1
11499032,18880061,1
10912333,23634465,1
20508693,20953665,1
160739,10254165,1
160739,1630148,1
11658686,17477953,1
13657103,13940142,1
16900369,23188868,1
1820410,17068622,1
10118207,21454371,1
11277690,23099329,1
14899566,17068622,1
23634465,23647453,1
11658686,21161481,1
17068622,21125948,1
160739,23099329,1
10600673,23309807,1
6403868,7278557,1
1446728,17068622,1
5856886,10254165,1
18880062,23383764,1
10337387,10912333,1
778875,16583451,1
501808,19083029,1
14783950,23099329,1
13657103,21234510,1
20826307,20856391,1
13356869,14196271,1
413620,16900369,1
771802,14134127,1
413620,13940142,1
1446728,4773756,1
17068622,17477953,1
1116,13946914,1
3861343,21454371,1
14783950,23098143,1
762814,6128274,1
3109016,7655679,1
61347,429198,1
413620,15126545,1
6128274,17470307,1
11818436,20508693,1
2096403,23309807,1
762814,1605515,1
16900369,20924118,1
762814,7577030,1
3456232,21520698,1
771802,19002156,1
4773756,10118207,1
10118207,23099329,1
1820410,23098143,1
11658686,15796840,1
13940142,18880062,1
13940142,23188868,1
11658686,12783713,1
762814,16583451,1
5875194,21172450,1
5260867,23188868,1
1347808,20953665,1
13356869,16900369,1
951388,5260867,1
1820410,19002156,1
10264652,20953665,1
19660598,23383764,1
5927306,20856391,1
11499032,23647453,1
12234839,19083252,1
1347808,5260867,1
160739,598994,1
13356869,21454371,1
11520257,21635675,1
257008,368808,1
1630148,21125948,1
1630148,1820410,1
5856886,23188868,1
2109483,23634465,1
10264652,14783950,1
413620,14783950,1
7577030,8680491,1
8680491,13356869,1
5927306,21454371,1
16583451,18880062,1
778875,5953607,1
10509561,19083029,1
1446728,14417449,1
10912335,23098143,1
4643706,17477953,1
6087658,19301681,1
11277690,14134127,1
6403868,7577030,1
13122193,14196271,1
1630148,20924118,1
3109015,6037295,1
1008326,3109016,1
5472665,19083029,1
951388,20080077,1
11339042,23647453,1
10062086,23309807,1
427727,5953607,1
1347808,1820410,1
598994,15796840,1
10251387,11499032,1
1630148,23099329,1
762814,2941028,1
131726,131727,1
10118207,19979783,1
418257,21454371,1
10264652,19979783,1
413620,23383764,1
17068622,19344618,1
17470307,21161481,1
8722190,13946914,1
14783950,21454371,1
1347808,17470307,1
5017412,6368468,1
7577030,13657103,1
8680491,19979783,1
160739,14196271,1
778875,10251387,1
19979783,23634465,1
10509561,15297120,1
7278557,22582847,1
6195313,21520698,1
15297119,23309803,1
10251387,11818436,1
598994,14417449,1
6128274,14417449,1
102105,229689,1
19565161,23160103,1
14899566,23188868,1
5953607,17477953,1
11658686,13940142,1
1446728,4643706,1
5953607,11277690,1
15796840,17068622,1
951388,7577030,1
6128274,10264652,1
18880062,21454371,1
2775424,17470307,1
5352578,23309803,1
20826307,23098143,1
413620,6068118,1
2096403,10062086,1
1820410,6128274,1
53461,272491,1
1820410,5856886,1
13657103,23634465,1
12066447,13940142,1
14196271,18880061,1
5260867,14899566,1
3456233,6403868,1
6068118,16583451,1
4724024,22792098,1
501808,21065519,1
20856391,23099329,1
10600673,23309803,1
14417449,21125948,1
143860,272491,1
418257,14783950,1
10062086,19083252,1
3456233,23160103,1
7885446,12783713,1
8804480,22792098,1
413620,7885446,1
1446728,1630148,1
6195313,19083029,1
5472665,10062086,1
427727,732800,1
1158840,20953665,1
413620,4643706,1
6403868,10118207,1
951388,13122193,1
1347808,2775424,1
418257,4773756,1
951388,23098143,1
3861343,20508693,1
3456233,10600673,1
61347,257008,1
4407823,7655679,1
10337387,11277690,1
17477953,23188868,1
2715258,11520257,1
1116,21065519,1
778875,10912335,1
15297119,22582847,1
18880062,21161481,1
771802,5927306,1
2096403,6403868,1
6403868,8722190,1
951388,20856391,1
15796840,21454371,1
1008326,3253024,1
2775424,16583451,1
7278557,19083252,1
10509561,15297119,1
5953607,11658686,1
4468255,8931241,1
418257,21161481,1
1605515,15796840,1
10912333,17068622,1
12234839,19069826,1
7885446,19344618,1
10264652,12783713,1
771802,21234510,1
11339042,19344618,1
5260867,8702780,1
82859,373673,1
13940142,23647453,1
10912335,11499032,1
778875,19660598,1
732800,10912333,1
10337387,23188868,1
18880061,19660598,1
11658686,19002156,1
4773756,19002156,1
4643706,6403868,1
4724024,10062086,1
12234839,15297119,1
1158840,19660598,1
1158840,13122193,1
10509561,10600673,1
131720,494838,1
4643706,12783713,1
1820410,23383764,1
4773756,17068622,1
1158840,3861343,1
8680491,11499032,1
7278557,10600673,1
5856886,13356869,1
10251387,12066447,1
1158840,11339042,1
1347808,19979783,1
4643706,13940142,1
10912333,15126545,1
14417449,17470307,1
8804480,13946914,1
3109016,6037295,1
427727,778875,1
427727,1158840,1
12783713,21161481,1
951388,6068118,1
10251387,23188868,1
4988270,5145801,1
6087658,10062086,1
14899566,19660598,1
7577030,19979783,1
2109483,21125948,1
5953607,14134127,1
10337387,11658686,1
16900369,18880062,1
1630148,5953607,1
778875,1605515,1
7885446,17477953,1
19979783,21234510,1
19979783,20826307,1
19660598,23188868,1
17022288,23309803,1
11658686,20080077,1
12066447,16900369,1
6068118,23099329,1
762814,20508693,1
6403868,14417449,1
8680491,10912333,1
762814,23634465,1
3351872,5150160,1
4643706,19979783,1
2109483,2775424,1
5352578,13946915,1
11499032,13940142,1
427727,2941028,1
13356869,20826307,1
778875,17477953,1
20953665,23647453,1
951388,10337387,1
501808,22792098,1
14417449,16583451,1
8702780,21125948,1
3861343,11277690,1
10254165,12066447,1
762814,13122193,1
762814,23099329,1
10337387,14417449,1
1630148,11818436,1
5260867,10912335,1
1347808,1446728,1
13940142,14417449,1
4643706,18880062,1
427727,7885446,1
32681,143860,1
18880061,23383764,1
10912333,19002156,1
10118207,19344618,1
5472665,23309803,1
18880061,19344618,1
5856886,18880061,1
15297119,23309807,1
16900369,17477953,1
8722190,23160103,1
10254165,20080077,1
1116,8804480,1
762814,1158840,1
160739,5856886,1
1820410,15126545,1
4773756,5260867,1
5017412,5724216,1
7577030,11499032,1
1820410,10912335,1
5352578,6403868,1
6403868,10337387,1
1189509,6068118,1
762814,11499032,1
5953607,10912335,1
7577030,23098143,1
10912333,19979783,1
8702780,14783950,1
1347808,6128274,1
413620,1446728,1
2859255,11520258,1
368808,373673,1
1158840,17470307,1
15297120,22582847,1
14899566,23383764,1
5927306,14417449,1
5260867,5856886,1
6068118,10912333,1
4603629,5017412,1
17477953,21454371,1
1446728,10912335,1
10062086,17022288,1
1446728,20856391,1
5953607,13356869,1
5150160,5352578,1
418257,17477953,1
6403868,15126545,1
418257,7577030,1
12783713,23634465,1
15297119,22102074,1
10254165,19002156,1
19979783,21125948,1
427727,13122193,1
771802,7577030,1
10912333,11277690,1
10337387,19002156,1
16583451,23647453,1
1605515,8702780,1
16583451,20080077,1
1347808,6068118,1
6403868,14196271,1
418257,13657103,1
951388,21125948,1
17470307,23099329,1
771802,3861343,1
6087658,19083252,1
5352578,19301681,1
1605515,23634465,1
598994,1605515,1
16900369,20508693,1
427727,1630148,1
2941028,14417449,1
53592,66299,1
14417449,17068622,1
951388,1605515,1
3456233,15297119,1
8680491,18880061,1
4773756,11339042,1
427727,12066447,1
10337387,20826307,1
732800,21234510,1
1820410,16583451,1
6068118,19344618,1
17477953,21234510,1
15796840,16583451,1
18880061,20953665,1
2096403,5150160,1
59823,488320,1
6368468,7015918,1
4643706,12066447,1
21454371,23188868,1
10264652,21161481,1
16583451,23098143,1
10254165,23647453,1
14134127,21454371,1
1605515,17068622,1
53592,429198,1
778875,1630148,1
7885446,11658686,1
2941028,13356869,1
19344618,20953665,1
13356869,19002156,1
2096403,22792098,1
16900369,20856391,1
771802,1446728,1
1158840,10264652,1
4724024,22102074,1
413620,10912335,1
771802,4643706,1
13940142,19660598,1
13657103,20856391,1
11277690,21454371,1
6195313,10600673,1
1446728,1820410,1
11339042,23634465,1
4724024,8804480,1
11339042,18880061,1
3456232,7278557,1
19002156,20508693,1
5260867,20856391,1
10912333,11818436,1
1189509,4988270,1
160739,5953607,1
4773756,20856391,1
1446728,20826307,1
413620,8702780,1
3351872,8722190,1
17022288,19083029,1
6128274,21161481,1
14134127,21161481,1
5927306,10912335,1
7278557,17022288,1
13122193,19660598,1
4468255,6037296,1
951388,5856886,1
14899566,17470307,1
19660598,21454371,1
7885446,21234510,1
17470307,23647453,1
8702780,23634465,1
4468255,5017412,1
11658686,20924118,1
8680491,19002156,1
5472665,6195313,1
501808,3456232,1
5260867,13122193,1
18880061,21454371,1
10912335,14196271,1
1630148,23383764,1
14783950,20508693,1
13122193,19002156,1
413620,12783713,1
10251387,17068622,1
7396681,8931241,1
762814,20856391,1
4773756,21161481,1
5150160,23309803,1
59823,272491,1
732800,14417449,1
10337387,16900369,1
1158840,20826307,1
2109483,5927306,1
10254165,23099329,1
1347808,23383764,1
762814,20826307,1
4773756,10254165,1
2109483,14783950,1
2775424,15796840,1
14196271,21234510,1
1347808,10337387,1
762814,17470307,1
598994,10118207,1
11818436,17470307,1
10912335,21125948,1
5260867,6128274,1
21125948,23099329,1
1158840,14417449,1
1605515,8680491,1
5260867,21454371,1
21125948,23098143,1
4724024,6403868,1
14899566,15126545,1
21125948,23647453,1
17477953,19344618,1
1347808,18880062,1
14196271,20826307,1
5260867,11339042,1
20856391,21125948,1
598994,14783950,1
10254165,10912333,1
413620,418257,1
413620,11818436,1
10118207,10264652,1
8680491,10254165,1
19979783,23647453,1
5856886,13940142,1
1116,12234839,1
427727,1605515,1
8680491,14196271,1
10062086,15297120,1
732800,6068118,1
4773756,6403868,1
6087658,23309803,1
3253024,5017412,1
2941028,23383764,1
7885446,20856391,1
3861343,5260867,1
5724216,6037295,1
3861343,7885446,1
21125948,21161481,1
778875,23634465,1
15126545,23099329,1
732800,15796840,1
10337387,19979783,1
1630148,18880062,1
5017412,7087624,1
778875,12066447,1
8702780,12783713,1
413620,21125948,1
2096403,21065519,1
10251387,10912335,1
5352578,6195313,1
413620,14196271,1
1605515,23647453,1
17022288,19069826,1
418257,778875,1
10912333,20953665,1
418257,2109483,1
16900369,17470307,1
11818436,15796840,1
427727,6403868,1
14134127,23634465,1
6195313,7278557,1
8680491,13657103,1
11277690,19979783,1
5953607,19979783,1
11658686,20953665,1
8680491,20856391,1
771802,17068622,1
11818436,13356869,1
778875,4773756,1
771802,20953665,1
10912335,20826307,1
15297120,23160103,1
14899566,20924118,1
7278557,8804480,1
6068118,21454371,1
6128274,20508693,1
762814,14134127,1
11277690,19002156,1
762814,19979783,1
1630148,11499032,1
778875,1446728,1
5260867,10912333,1
6037295,7396681,1
1605515,20826307,1
10254165,19979783,1
82859,131720,1
2941028,20924118,1
1630148,19002156,1
6403868,23383764,1
13946915,23160103,1
11277690,11499032,1
6128274,12066447,1
15905041,19396976,1
598994,10251387,1
14134127,20856391,1
11499032,21234510,1
5953607,13122193,1
8702780,13940142,1
2941028,23098143,1
1116,3351872,1
6128274,11818436,1
19069826,22582847,1
1446728,13657103,1
10118207,20080077,1
778875,7577030,1
5856886,6068118,1
160739,5927306,1
19979783,23099329,1
7577030,10912335,1
598994,21161481,1
13946914,19069826,1
16900369,19002156,1
10912335,19979783,1
3861343,11499032,1
1116,10062086,1
732800,951388,1
3351872,19083252,1
11277690,23188868,1
82859,368808,1
61347,237568,1
18880061,19979783,1
4407823,7015918,1
7885446,20080077,1
2941028,20953665,1
1158840,16900369,1
20924118,23188868,1
1446728,3861343,1
1446728,23383764,1
778875,18880061,1
1605515,12066447,1
15126545,20080077,1
10264652,11658686,1
501808,22582847,1
1630148,12783713,1
778875,951388,1
4643706,7577030,1
8722190,19083252,1
5927306,23647453,1
8702780,11818436,1
13356869,23647453,1
59823,494838,1
3109015,3109016,1
479786,17901739,1
418257,15126545,1
7577030,8702780,1
6068118,14899566,1
10337387,23634465,1
10254165,21161481,1
17022288,19083252,1
1158840,10337387,1
1347808,8702780,1
19002156,19979783,1
418257,1820410,1
5953607,13657103,1
732800,23188868,1
19660598,20953665,1
8702780,19344618,1
2109483,10912333,1
15796840,23634465,1
4724024,19565161,1
3861343,19344618,1
5150160,6403868,1
5150160,22792098,1
4724024,12234839,1
427727,20856391,1
10912333,19344618,1
1446728,12783713,1
10251387,19344618,1
19083029,22102074,1
2941028,10912333,1
20924118,23099329,1
5352578,21065519,1
778875,23188868,1
13946915,21065519,1
1246,183254,1
32681,66299,1
10912333,14783950,1
11818436,23634465,1
16583451,20826307,1
12066447,20924118,1
17470307,19002156,1
8680491,8702780,1
771802,19660598,1
1630148,20953665,1
5472665,12234839,1
3861343,10118207,1
1630148,6403868,1
6037295,6037296,1
3109015,5724216,1
17470307,20924118,1
13946914,23160103,1
6068118,23383764,1
5150160,19565161,1
14417449,21234510,1
2775424,6128274,1
12234839,15297120,1
5352578,19565161,1
4724024,15297119,1
21065519,23309803,1
20856391,21234510,1
7278557,15297119,1
14899566,19002156,1
5150160,5472665,1
53592,494838,1
11499032,14783950,1
8680491,15796840,1
2941028,16900369,1
5260867,5927306,1
15796840,21234510,1
1347808,7577030,1
413620,427727,1
778875,10912333,1
427727,20080077,1
1820410,10251387,1
771802,13940142,1
598994,13356869,1
598994,17477953,1
2109483,20826307,1
2775424,23634465,1
413620,6403868,1
2775424,20953665,1
2775424,8702780,1
598994,21454371,1
15297119,22792098,1
1605515,4773756,1
1630148,14783950,1
4643706,23383764,1
131720,368808,1
61347,373673,1
732800,10118207,1
418257,5953607,1
3861343,6068118,1
427727,21161481,1
413620,20508693,1
53461,59823,1
2941028,11818436,1
14196271,21125948,1
3861343,13356869,1
732800,17470307,1
10264652,23188868,1
413620,21161481,1
5856886,16900369,1
12783713,13122193,1
2096403,7278557,1
5352578,10600673,1
53592,61347,1
1158840,14196271,1
160739,19979783,1
10912335,21161481,1
6128274,23647453,1
5260867,10118207,1
5856886,17068622,1
6068118,6128274,1
1820410,8702780,1
6068118,13122193,1
11658686,13122193,1
17470307,20826307,1
10337387,17477953,1
418257,23634465,1
6128274,10912335,1
6403868,10912333,1
6403868,19565161,1
53592,143860,1
413620,12066447,1
4773756,6068118,1
771802,13657103,1
4643706,23099329,1
5472665,8722190,1
3109015,4468255,1
10254165,13356869,1
160739,10337387,1
10264652,16900369,1
598994,6128274,1
8722190,15297120,1
1630148,19344618,1
1446728,5953607,1
951388,11499032,1
1446728,21125948,1
7577030,11818436,1
8804480,19083029,1
11499032,20080077,1
14899566,20953665,1
762814,5953607,1
20953665,23383764,1
7885446,13657103,1
6403868,10062086,1
13356869,21161481,1
11658686,12066447,1
10912335,17068622,1
1605515,21125948,1
2096403,10600673,1
3456232,23309803,1
11658686,23647453,1
11277690,18880061,1
21234510,23188868,1
1630148,10912333,1
3456233,23309807,1
732800,1820410,1
1446728,17477953,1
10118207,10251387,1
5472665,13946914,1
4643706,10264652,1
18880061,20826307,1
598994,23099329,1
14134127,21125948,1
10912335,12066447,1
14134127,20826307,1
2109483,18880061,1
11658686,15126545,1
427727,10254165,1
5260867,14417449,1
10337387,20856391,1
4643706,23098143,1
19301681,21065519,1
1820410,10337387,1
15297120,19301681,1
3861343,10251387,1
12066447,23383764,1
1116,15297119,1
3351872,8804480,1
427727,11277690,1
1347808,20080077,1
5472665,7278557,1
21125948,23383764,1
1347808,11339042,1
4773756,19979783,1
143860,257008,1
5472665,8804480,1
11339042,13122193,1
771802,10264652,1
7577030,15126545,1
2941028,5927306,1
6403868,18880062,1
429198,488320,1
1347808,2109483,1
11499032,17477953,1
14783950,17477953,1
4643706,5953607,1
3456233,13946915,1
15297120,19069826,1
1605515,19660598,1
10912335,13940142,1
1158840,6403868,1
11499032,14196271,1
11339042,12783713,1
1347808,14417449,1
16583451,20856391,1
15126545,20924118,1
6068118,13940142,1
3351872,3456232,1
4724024,23160103,1
131720,488320,1
12234839,23309807,1
160739,951388,1
418257,19002156,1
732800,23383764,1
53461,82859,1
20080077,20953665,1
2775424,20856391,1
160739,10251387,1
14783950,20856391,1
1820410,14134127,1
598994,19979783,1
413620,20856391,1
10337387,12066447,1
2775424,11339042,1
160739,17068622,1
2109483,19979783,1
160739,10912335,1
10254165,17477953,1
2775424,21161481,1
975289,5017412,1
17470307,20508693,1
7885446,13356869,1
598994,14134127,1
1158840,10912335,1
21125948,21454371,1
15796840,23383764,1
501808,6087658,1
13940142,21234510,1
418257,6128274,1
2775424,21454371,1
16583451,19979783,1
10118207,10337387,1
59823,373673,1
14134127,16583451,1
6128274,23098143,1
3351872,3456233,1
7278557,13946914,1
6128274,20953665,1
11658686,16900369,1
413620,778875,1
5260867,10251387,1
5017412,8931241,1
11277690,20924118,1
4468255,6368468,1
598994,13657103,1
1446728,15796840,1
17068622,19979783,1
5953607,19660598,1
4773756,20080077,1
11277690,23634465,1
53592,368808,1
10118207,19660598,1
6128274,8702780,1
5856886,23647453,1
2775424,21125948,1
598994,5856886,1
8702780,21234510,1
5856886,11499032,1
1605515,6068118,1
14134127,14196271,1
7577030,20508693,1
501808,10062086,1
5856886,21161481,1
1347808,21234510,1
7885446,19979783,1
10251387,10264652,1
11658686,11818436,1
3109016,7015918,1
1605515,10337387,1
1605515,20080077,1
732800,10254165,1
5352578,10062086,1
4643706,10912335,1
6128274,7577030,1
3861343,14899566,1
3351872,15297119,1
418257,23188868,1
2941028,13122193,1
13657103,21454371,1
20826307,23634465,1
10264652,10912333,1
778875,18880062,1
4603629,7015918,1
732800,4643706,1
14899566,20826307,1
10337387,15126545,1
15126545,23647453,1
5927306,7577030,1
6068118,15796840,1
14134127,20953665,1
16900369,20953665,1
6128274,14783950,1
5927306,15126545,1
3456232,6403868,1
771802,6403868,1
11339042,13356869,1
418257,10912333,1
6403868,13946914,1
4773756,13657103,1
7577030,10337387,1
15126545,17470307,1
21454371,23098143,1
10600673,21520698,1
732800,771802,1
1820410,5953607,1
11818436,13657103,1
12066447,20953665,1
10118207,17068622,1
687106,7396681,1
5953607,23098143,1
5927306,11658686,1
160739,21234510,1
10337387,11339042,1
1605515,13122193,1
5260867,17477953,1
8804480,19565161,1
2109483,17068622,1
12066447,19002156,1
4724024,19083252,1
2941028,11499032,1
732800,762814,1
1630148,2109483,1
598994,12783713,1
11658686,17068622,1
10264652,23634465,1
2775424,4643706,1
6403868,22102074,1
8680491,14134127,1
12783713,13356869,1
17477953,19660598,1
10062086,21520698,1
427727,8680491,1
6403868,21065519,1
12066447,17068622,1
5472665,10600673,1
21161481,23098143,1
10264652,23099329,1
19069826,19083029,1
6403868,17068622,1
5856886,6403868,1
13946915,19069826,1
1605515,23383764,1
13356869,21234510,1
368808,488320,1
1446728,14196271,1
1446728,18880062,1
12783713,15126545,1
10254165,16583451,1
778875,20953665,1
732800,15126545,1
8702780,21161481,1
13940142,23099329,1
15126545,23188868,1
12783713,21234510,1
6068118,12066447,1
14196271,23634465,1
10254165,11339042,1
5472665,22792098,1
12783713,20826307,1
3456232,10062086,1
13657103,20080077,1
6087658,6195313,1
21234510,23099329,1
15297120,23309807,1
732800,19344618,1
13940142,20508693,1
5260867,19344618,1
12066447,23188868,1
975289,7087624,1
160739,14134127,1
19002156,21234510,1
8804480,19069826,1
11277690,14196271,1
771802,14899566,1
15796840,18880061,1
762814,11277690,1
3253024,4603629,1
4773756,5927306,1
11499032,12066447,1
418257,15796840,1
5150160,19083252,1
951388,5953607,1
771802,10912333,1
5927306,15796840,1
5260867,11499032,1
598994,10254165,1
13946915,22792098,1
1630148,7885446,1
951388,10118207,1
1605515,18880061,1
3861343,19979783,1
10912335,15126545,1
11658686,23383764,1
7577030,14899566,1
598994,14196271,1
11339042,20953665,1
19344618,21234510,1
23188868,23383764,1
10251387,23634465,1
1820410,4643706,1
5953607,20080077,1
5927306,10264652,1
14899566,21454371,1
6195313,22102074,1
14417449,15126545,1
1116,3456232,1
10600673,15297120,1
7278557,13946915,1
14783950,20826307,1
427727,15796840,1
1630148,10254165,1
14196271,19344618,1
19660598,21125948,1
8680491,21125948,1
4773756,10912333,1
598994,14899566,1
598994,20080077,1
17470307,18880062,1
13657103,19344618,1
598994,23383764,1
762814,20953665,1
687106,5017412,1
4773756,15796840,1
8702780,23098143,1
5150160,13946915,1
5260867,21234510,1
2109483,2941028,1
6087658,7278557,1
5472665,10509561,1
762814,11658686,1
762814,19002156,1
5352578,8722190,1
5150160,10062086,1
66299,429198,1
3109015,7655679,1
2941028,17477953,1
5472665,19565161,1
778875,17470307,1
5260867,20080077,1
762814,13940142,1
418257,13122193,1
6128274,23099329,1
11818436,20080077,1
6195313,22792098,1
3109015,4407823,1
13122193,19344618,1
5953607,10337387,1
1158840,1630148,1
1820410,10264652,1
11499032,20953665,1
6087658,13946914,1
771802,18880061,1
13356869,20953665,1
160739,19002156,1
1605515,14417449,1
418257,762814,1
11818436,21454371,1
5927306,19660598,1
8702780,21454371,1
17477953,20953665,1
10251387,13122193,1
975289,7396681,1
14417449,14783950,1
32681,429198,1
5953607,20856391,1
5260867,7577030,1
1820410,18880061,1
3456232,21065519,1
732800,1446728,1
12783713,16583451,1
418257,20826307,1
160739,7577030,1
6068118,13657103,1
19344618,21161481,1
14134127,20508693,1
17477953,23634465,1
4773756,21454371,1
2775424,10264652,1
82859,143860,1
778875,7885446,1
762814,7885446,1
778875,6403868,1
12234839,23309803,1
1446728,23647453,1
4773756,21234510,1
10251387,21161481,1
427727,20924118,1
418257,11339042,1
13356869,13940142,1
12783713,14417449,1
413620,21454371,1
6068118,7577030,1
4724024,6195313,1
16900369,21161481,1
13657103,21125948,1
11277690,14783950,1
1820410,10912333,1
17068622,23634465,1
15126545,23634465,1
427727,19344618,1
1446728,6403868,1
7577030,20080077,1
2109483,20924118,1
951388,10254165,1
16583451,23383764,1
5927306,18880062,1
17022288,21520698,1
11499032,23099329,1
2941028,10264652,1
10254165,18880061,1
7577030,13122193,1
5953607,11818436,1
10264652,20080077,1
17477953,19002156,1
8702780,19660598,1
427727,5260867,1
762814,10251387,1
10118207,14417449,1
1158840,18880061,1
1446728,20508693,1
17477953,21161481,1
10912333,11658686,1
20953665,21454371,1
951388,21161481,1
11818436,19660598,1
2096403,5352578,1
19344618,19979783,1
10912335,20924118,1
10251387,23383764,1
10337387,11818436,1
4773756,18880062,1
10912335,14417449,1
17477953,19979783,1
3351872,23160103,1
4773756,5953607,1
10912335,20953665,1
10912333,21234510,1
1158840,23098143,1
1605515,14783950,1
418257,8702780,1
11277690,16900369,1
1446728,12066447,1
22102074,22792098,1
732800,21125948,1
951388,15126545,1
5352578,15297120,1
771802,5856886,1
418257,6068118,1
237568,257008,1
951388,1446728,1
1158840,11277690,1
13356869,20080077,1
13946914,21065519,1
771802,1605515,1
8680491,21454371,1
10251387,21125948,1
10254165,11658686,1
15126545,20826307,1
15126545,19002156,1
1158840,11499032,1
4672830,5828731,1
687106,7087624,1
3456232,22792098,1
6128274,13657103,1
6403868,17477953,1
10912335,11339042,1
5953607,15126545,1
1116,19083252,1
6403868,20508693,1
5856886,11339042,1
8804480,10509561,1
10254165,10337387,1
14417449,17477953,1
4672830,5145801,1
427727,19660598,1
418257,5856886,1
2775424,13356869,1
12783713,16900369,1
732800,2775424,1
14134127,23383764,1
15796840,18880062,1
13657103,14899566,1
10912335,11818436,1
951388,20826307,1
10254165,20826307,1
1630148,8680491,1
160739,21161481,1
6128274,13940142,1
13356869,13657103,1
5927306,6128274,1
13940142,21454371,1
413620,10251387,1
5352578,19083029,1
418257,16583451,1
14196271,17068622,1
10118207,21125948,1
13122193,18880061,1
2109483,10264652,1
687106,4407823,1
10251387,15126545,1
2941028,23634465,1
4724024,5150160,1
16583451,17068622,1
10118207,14134127,1
11277690,21161481,1
6195313,12234839,1
3253024,6037296,1
10509561,17022288,1
5953607,10118207,1
6195313,13946914,1
7885446,11277690,1
2775424,8680491,1
2941028,21234510,1
1158840,7577030,1
418257,1630148,1
5856886,19979783,1
2941028,10912335,1
598994,7885446,1
5953607,21234510,1
413620,14134127,1
13940142,20953665,1
11277690,11658686,1
5472665,6087658,1
5260867,10337387,1
160739,778875,1
12066447,23099329,1
951388,4643706,1
6128274,14899566,1
11339042,23188868,1
3861343,12066447,1
17477953,20080077,1
13122193,21454371,1
418257,20080077,1
11658686,13657103,1
272491,368808,1
1347808,3861343,1
1820410,20508693,1
10509561,19083252,1
427727,11339042,1
5953607,12783713,1
20508693,23647453,1
15126545,18880061,1
2109483,13940142,1
13356869,17477953,1
11818436,13940142,1
160739,11277690,1
14196271,19660598,1
1158840,12066447,1
10251387,11339042,1
1158840,14783950,1
14196271,14417449,1
1820410,6403868,1
951388,13940142,1
1158840,20924118,1
5953607,7577030,1
10912333,20826307,1
732800,3861343,1
10600673,19069826,1
5472665,15297120,1
2096403,13946914,1
5856886,15126545,1
10118207,23098143,1
15297120,23309803,1
2715258,21635675,1
1347808,20924118,1
66299,131720,1
17068622,23188868,1
10254165,16900369,1
2941028,6403868,1
6128274,19660598,1
160739,14417449,1
778875,5856886,1
8722190,8804480,1
8680491,17470307,1
10337387,13356869,1
6068118,11818436,1
1008326,6037295,1
16900369,23383764,1
5472665,22102074,1
20508693,23634465,1
1630148,10118207,1
732800,14134127,1
1820410,11499032,1
2941028,19344618,1
1158840,23099329,1
687106,975289,1
5856886,20953665,1
5260867,21161481,1
11277690,13122193,1
1347808,21454371,1
427727,3861343,1
6128274,13122193,1
12783713,17068622,1
12783713,18880061,1
12783713,23188868,1
732800,8702780,1
1347808,23188868,1
1605515,13940142,1
10251387,21234510,1
21161481,23099329,1
2941028,19660598,1
501808,12234839,1
10251387,20080077,1
1008326,5017412,1
10912333,23099329,1
66299,237568,1
413620,18880062,1
6403868,20953665,1
5856886,19002156,1
10509561,13946915,1
13657103,23098143,1
8680491,10118207,1
160739,13657103,1
17068622,23383764,1
32681,131720,1
4603629,7396681,1
2096403,22102074,1
14783950,20924118,1
732800,14899566,1
6128274,13356869,1
10912333,13657103,1
1347808,16900369,1
19565161,22792098,1
10912335,13122193,1
11339042,18880062,1
778875,10337387,1
1446728,2941028,1
6128274,21454371,1
8680491,18880062,1
2096403,8722190,1
21161481,23647453,1
1158840,12783713,1
13356869,23383764,1
598994,11277690,1
418257,17068622,1
10337387,12783713,1
1820410,15796840,1
5927306,23634465,1
10912333,20856391,1
4672830,4988270,1
4773756,14783950,1
413620,11277690,1
5856886,14899566,1
13356869,23188868,1
11818436,12783713,1
3861343,15126545,1
19069826,21065519,1
2775424,10337387,1
3861343,20080077,1
1446728,2775424,1
2941028,21125948,1
1630148,10337387,1
3861343,17068622,1
2775424,18880061,1
5927306,10118207,1
14783950,17068622,1
61347,82859,1
598994,1630148,1
5260867,11277690,1
14134127,19344618,1
4468255,4603629,1
12783713,20924118,1
6195313,17022288,1
598994,762814,1
1820410,8680491,1
6403868,23188868,1
14783950,23383764,1
951388,20508693,1
4988270,6068118,1
14899566,23098143,1
5150160,15297119,1
12066447,15126545,1
778875,10254165,1
10912335,16900369,1
15126545,21161481,1
6068118,23647453,1
3253024,7087624,1
6068118,14783950,1
413620,20924118,1
6068118,20508693,1
418257,3861343,1
1347808,23098143,1
4643706,6068118,1
11818436,19979783,1
19083029,22792098,1
3058818,17871426,1
237568,488320,1
3861343,6403868,1
6068118,14134127,1
13657103,18880062,1
6068118,21234510,1
5953607,10912333,1
8702780,17477953,1
11658686,20856391,1
778875,15796840,1
1158840,21454371,1
1605515,17477953,1
762814,14417449,1
13657103,19660598,1
2941028,11277690,1
15297119,19565161,1
3351872,19069826,1
771802,1347808,1
8702780,16583451,1
418257,19660598,1
1158840,15796840,1
598994,1158840,1
5472665,19083252,1
10118207,10912335,1
18880062,19979783,1
14417449,20856391,1
19660598,20508693,1
762814,5260867,1
14899566,21161481,1
7577030,11277690,1
778875,11277690,1
4468255,7015918,1
10912335,23099329,1
2109483,6403868,1
14196271,17477953,1
598994,23634465,1
19344618,20924118,1
732800,11339042,1
427727,13657103,1
3109016,7087624,1
7885446,11339042,1
778875,21161481,1
20826307,21234510,1
10912335,16583451,1
3456233,10509561,1
732800,12783713,1
11658686,16583451,1
5927306,17068622,1
951388,6128274,1
3109015,3253024,1
8680491,11277690,1
5927306,10912333,1
21065519,22582847,1
11499032,13356869,1
15297120,21520698,1
8680491,11818436,1
2775424,17068622,1
11499032,20924118,1
771802,20826307,1
20080077,23098143,1
8702780,20080077,1
951388,17068622,1
11277690,14417449,1
2941028,11658686,1
8680491,21161481,1
3456232,6195313,1
5953607,20508693,1
6128274,18880061,1
23099329,23383764,1
14417449,15796840,1
14417449,23647453,1
778875,4643706,1
10912333,14899566,1
6195313,22582847,1
5953607,6403868,1
3456233,10062086,1
19083252,19565161,1
6068118,23188868,1
1116,5472665,1
11277690,20953665,1
762814,14783950,1
413620,11339042,1
5352578,15297119,1
1630148,13657103,1
3109016,5017412,1
598994,6068118,1
10509561,19301681,1
1605515,17470307,1
32681,494838,1
7577030,21161481,1
2775424,19979783,1
501808,3351872,1
7577030,7885446,1
1116,15297120,1
6128274,15126545,1
10600673,13946915,1
2941028,8680491,1
2109483,21234510,1
13657103,20508693,1
13940142,19979783,1
10912335,23634465,1
4643706,15126545,1
15297120,22102074,1
4643706,5856886,1
6403868,10254165,1
418257,20508693,1
10062086,15297119,1
429198,494838,1
160739,762814,1
1446728,19660598,1
15126545,16583451,1
598994,20924118,1
14196271,20924118,1
1347808,15126545,1
160739,20856391,1
160739,14899566,1
8804480,10600673,1
3456233,21065519,1
10118207,14899566,1
2090333,5145801,1
762814,18880061,1
10251387,20856391,1
13940142,17477953,1
771802,11499032,1
32681,53592,1
12066447,12783713,1
427727,10912335,1
2941028,3861343,1
23383764,23647453,1
1605515,11818436,1
12783713,19660598,1
5927306,10254165,1
1820410,20856391,1
13946915,19083252,1
19083029,19083252,1
53461,488320,1
1158840,14899566,1
2109483,8702780,1
10509561,13946914,1
15126545,21454371,1
413620,11499032,1
6403868,8702780,1
17477953,20826307,1
762814,21125948,1
5856886,10118207,1
687106,4468255,1
10062086,19565161,1
10251387,16583451,1
13657103,20953665,1
5856886,14783950,1
17477953,20508693,1
13946914,19565161,1
16583451,17470307,1
2109483,19002156,1
13946914,23309807,1
17022288,23160103,1
427727,20826307,1
762814,10912333,1
8702780,20953665,1
1820410,2109483,1
598994,8680491,1
1605515,1820410,1
732800,20080077,1
6128274,6403868,1
1630148,13356869,1
15759378,16005909,1
10912333,21125948,1
66299,257008,1
272491,488320,1
10912333,10912335,1
1820410,5927306,1
8702780,10337387,1
15297120,19083029,1
3351872,19301681,1
11339042,21454371,1
3861343,13940142,1
2096403,6195313,1
20856391,23647453,1
13122193,20924118,1
778875,13940142,1
8702780,13356869,1
8680491,19344618,1
5856886,5953607,1
5953607,21161481,1
11277690,12066447,1
418257,951388,1
6403868,19002156,1
6195313,19301681,1
23160103,23309807,1
6068118,15126545,1
20080077,21234510,1
951388,23634465,1
13657103,14417449,1
598994,17068622,1
10118207,13657103,1
12066447,17477953,1
8722190,21065519,1
732800,19002156,1
2109483,20080077,1
6403868,22792098,1
1158840,19979783,1
14134127,23188868,1
10062086,22102074,1
951388,2775424,1
4773756,17470307,1
17068622,19660598,1
4603629,6037295,1
2859255,8267314,1
762814,1630148,1
501808,17022288,1
771802,18880062,1
10251387,13657103,1
12234839,22102074,1
771802,13356869,1
3456232,12234839,1
413620,5856886,1
8722190,23309807,1
6403868,21234510,1
4773756,23099329,1
2941028,7577030,1
418257,23098143,1
6068118,10337387,1
7885446,17470307,1
2775424,14196271,1
778875,14783950,1
16583451,19344618,1
12783713,13940142,1
20508693,21234510,1
13946915,19565161,1
1008326,4407823,1
3861343,23634465,1
1605515,21454371,1
13122193,20856391,1
15297119,19069826,1
10912333,13356869,1
1158840,10912333,1
10912335,15796840,1
18880061,21161481,1
14134127,20080077,1
2941028,5953607,1
2941028,12783713,1
5856886,20856391,1
17470307,21125948,1
14899566,15796840,1
8680491,11658686,1
17068622,23647453,1
4643706,11277690,1
3109015,7396681,1
21520698,23309803,1
12066447,21125948,1
14417449,20953665,1
15297119,23160103,1
2096403,23309803,1
7087624,7655679,1
4724024,19083029,1
778875,11818436,1
11499032,19344618,1
1551466,9219797,1
11658686,21454371,1
7577030,12066447,1
1820410,21125948,1
2775424,11658686,1
4724024,21065519,1
1158840,18880062,1
10912333,14196271,1
598994,2775424,1
413620,1158840,1
5927306,20953665,1
19660598,23634465,1
3456232,19069826,1
7577030,19344618,1
5927306,18880061,1
10337387,10912335,1
5856886,6128274,1
598994,11658686,1
19565161,23309807,1
53461,368808,1
15126545,21234510,1
4773756,19344618,1
82859,429198,1
1630148,14196271,1
6403868,23309803,1
5352578,22102074,1
10254165,18880062,1
3109016,7396681,1
61347,368808,1
19069826,22792098,1
14134127,15796840,1
15297120,22792098,1
15126545,17477953,1
14196271,23383764,1
1008326,7655679,1
11499032,12783713,1
160739,18880061,1
4773756,17477953,1
4643706,21125948,1
10264652,18880062,1
1605515,14134127,1
3861343,8702780,1
1347808,17068622,1
11499032,20826307,1
8702780,10264652,1
5260867,14196271,1
762814,18880062,1
7015918,7087624,1
501808,23160103,1
16900369,20080077,1
951388,12066447,1
1116,22102074,1
1008326,7087624,1
11339042,20080077,1
762814,2109483,1
7577030,17068622,1
3456233,5472665,1
4407823,5017412,1
23098143,23099329,1
272491,429198,1
3109015,6368468,1
687106,4603629,1
4773756,10912335,1
4724024,23309807,1
418257,11277690,1
20080077,23647453,1
18880061,18880062,1
1630148,23647453,1
10254165,12783713,1
2941028,16583451,1
5856886,10337387,1
418257,11818436,1
4643706,13657103,1
427727,1347808,1
3456232,13946914,1
14417449,16900369,1
5352578,5472665,1
13657103,17470307,1
4724024,17022288,1
14134127,23098143,1
6128274,8680491,1
11339042,11658686,1
10254165,21125948,1
6128274,12783713,1
13122193,21234510,1
14899566,19979783,1
11277690,20826307,1
1158840,5856886,1
7577030,15796840,1
4724024,8722190,1
10509561,21520698,1
32681,82859,1
732800,17477953,1
5856886,12783713,1
10912333,16583451,1
12066447,20508693,1
1446728,11339042,1
14417449,20924118,1
5953607,19344618,1
5927306,7885446,1
1446728,8702780,1
762814,17477953,1
20826307,23383764,1
61347,143860,1
66299,272491,1
4643706,10337387,1
19979783,20924118,1
687106,6037296,1
1158840,13657103,1
160739,1446728,1
19069826,23160103,1
8722190,19301681,1
598994,16583451,1
5953607,20953665,1
10509561,22102074,1
6068118,16900369,1
427727,1820410,1
6403868,15297119,1
6068118,18880061,1
5472665,15297119,1
762814,15796840,1
11339042,23099329,1
1605515,7577030,1
8702780,13122193,1
732800,10912335,1
373673,488320,1
2096403,15297119,1
1605515,20953665,1
4773756,16900369,1
5856886,11277690,1
427727,771802,1
14134127,14899566,1
20508693,23383764,1
3109016,3253024,1
4643706,21454371,1
11818436,14783950,1
5856886,7577030,1
3253024,6037295,1
3456232,6087658,1
5927306,11818436,1
975289,5724216,1
951388,21234510,1
8702780,17470307,1
4773756,7885446,1
12066447,18880061,1
160739,17470307,1
598994,8702780,1
14783950,19979783,1
7577030,10251387,1
16900369,21454371,1
15796840,17477953,1
8722190,13946915,1
15796840,20080077,1
11277690,11339042,1
19344618,21454371,1
22792098,23309803,1
2109483,12066447,1
18880061,23647453,1
11818436,21234510,1
15126545,19660598,1
732800,2941028,1
14196271,19979783,1
951388,11339042,1
10264652,11499032,1
19069826,22102074,1
20080077,20856391,1
17068622,18880061,1
10118207,10254165,1
427727,1446728,1
762814,778875,1
131720,429198,1
771802,2775424,1
7885446,18880061,1
17022288,22792098,1
16900369,23098143,1
12066447,19660598,1
7577030,14196271,1
6068118,23634465,1
598994,23098143,1
7015918,7396681,1
8702780,10251387,1
19069826,19083252,1
11818436,23383764,1
19565161,21065519,1
2109483,10251387,1
1158840,6068118,1
2941028,12066447,1
18880061,20856391,1
13657103,19979783,1
5927306,21234510,1
5352578,8804480,1
22582847,22792098,1
501808,2096403,1
19979783,23188868,1
1605515,14196271,1
7278557,21520698,1
3456232,15297119,1
2109483,7577030,1
771802,10118207,1
10337387,13657103,1
10912333,21454371,1
13122193,13356869,1
8804480,15297120,1
72610,229689,1
418257,771802,1
14134127,18880062,1
19069826,21520698,1
15796840,20508693,1
160739,6128274,1
418257,19344618,1
2775424,10254165,1
5927306,20826307,1
598994,17470307,1
1446728,10254165,1
418257,14899566,1
2096403,19301681,1
5856886,17477953,1
8680491,10337387,1
11277690,20508693,1
5150160,8722190,1
3456233,12234839,1
10912333,14134127,1
11658686,23099329,1
19979783,21454371,1
4724024,15297120,1
6403868,7885446,1
6037295,7655679,1
1158840,10254165,1
5150160,6195313,1
5953607,7885446,1
1347808,10912335,1
762814,23188868,1
6037296,7087624,1
1605515,10912333,1
10251387,13940142,1
2775424,13940142,1
7885446,8702780,1
413620,14417449,1
11499032,21161481,1
1116,6087658,1
732800,20953665,1
160739,413620,1
6087658,15297119,1
3351872,13946914,1
598994,1446728,1
732800,11818436,1
3456232,3456233,1
1446728,14134127,1
4773756,19660598,1
762814,10912335,1
10254165,19344618,1
11339042,15126545,1
6403868,14899566,1
427727,14134127,1
10254165,23098143,1
5856886,16583451,1
11277690,19344618,1
10118207,10912333,1
10264652,13657103,1
19002156,21454371,1
3861343,6128274,1
778875,20080077,1
732800,20508693,1
762814,13657103,1
14783950,19002156,1
131723,131727,1
6068118,7885446,1
7015918,7655679,1
160739,2941028,1
6087658,17022288,1
15796840,19344618,1
1630148,23634465,1
687106,1008326,1
6403868,16900369,1
217836,217837,1
5260867,6403868,1
53461,131720,1
975289,3109015,1
5953607,17068622,1
10600673,15297119,1
13356869,17068622,1
8680491,20924118,1
8702780,14417449,1
5260867,19660598,1
2109483,13356869,1
5260867,15796840,1
1605515,6128274,1
10264652,21454371,1
418257,12066447,1
11658686,20508693,1
10912335,12783713,1
59823,368808,1
12066447,21161481,1
6195313,8722190,1
19565161,21520698,1
160739,20826307,1
4643706,20953665,1
20826307,20953665,1
13940142,20826307,1
14134127,20924118,1
4773756,8702780,1
771802,19344618,1
3861343,19002156,1
1158840,8680491,1
4773756,23647453,1
762814,6403868,1
14417449,18880062,1
1630148,6068118,1
6087658,12234839,1
7577030,20856391,1
3351872,10509561,1
1116,23309803,1
17022288,22102074,1
237568,429198,1
1347808,4643706,1
427727,5856886,1
1446728,5856886,1
66299,488320,1
778875,20856391,1
6068118,8680491,1
11277690,23647453,1
1189509,5828731,1
20856391,23634465,1
1605515,3861343,1
10912335,11277690,1
10254165,23383764,1
7577030,23647453,1
413620,2109483,1
5352578,17022288,1
1347808,19660598,1
10251387,17477953,1
4724024,10600673,1
951388,7885446,1
12783713,20953665,1
771802,14196271,1
732800,18880062,1
20080077,21161481,1
2109483,13657103,1
13946915,15297119,1
732800,16583451,1
2109483,19660598,1
10600673,22582847,1
598994,23647453,1
11339042,20508693,1
12066447,14783950,1
5260867,20924118,1
19002156,20826307,1
2941028,4773756,1
951388,20924118,1
1446728,2109483,1
413620,19002156,1
6087658,10600673,1
12066447,14134127,1
1158840,23647453,1
3861343,20856391,1
2941028,5856886,1
10118207,14783950,1
7885446,8680491,1
5953607,10264652,1
2109483,18880062,1
21234510,21454371,1
413620,19660598,1
10254165,14899566,1
14196271,23098143,1
19301681,23160103,1
11658686,21125948,1
732800,10264652,1
21454371,23099329,1
160739,1820410,1
10264652,20508693,1
20924118,21125948,1
237568,368808,1
1820410,23647453,1
11499032,19002156,1
3861343,10264652,1
2096403,19069826,1
1446728,23099329,1
4468255,5724216,1
2109483,11277690,1
732800,23634465,1
3861343,20953665,1
19002156,21161481,1
21125948,21234510,1
15126545,20856391,1
3351872,10600673,1
8702780,23188868,1
771802,10912335,1
5927306,11277690,1
1116,19083029,1
17470307,19979783,1
3861343,14134127,1
1820410,2775424,1
22792098,23160103,1
418257,18880062,1
1446728,7577030,1
13946915,23309803,1
1158840,2775424,1
13122193,17477953,1
14134127,19660598,1
1446728,11658686,1
15796840,16900369,1
418257,12783713,1
6068118,6403868,1
17477953,20856391,1
1347808,23634465,1
771802,2109483,1
12783713,20856391,1
413620,19979783,1
160739,1605515,1
6128274,20856391,1
10254165,19660598,1
13356869,20508693,1
3456233,6087658,1
501808,21520698,1
11818436,23647453,1
7577030,10118207,1
2109483,5260867,1
1605515,23099329,1
3456232,10509561,1
32681,488320,1
2775424,10251387,1
1630148,8702780,1
11818436,19002156,1
413620,6128274,1
11277690,11818436,1
2941028,6128274,1
6403868,21161481,1
21161481,23188868,1
10264652,23098143,1
1605515,23188868,1
951388,21454371,1
14899566,18880062,1
951388,1158840,1
5927306,21125948,1
11339042,21234510,1
2941028,14134127,1
20856391,20924118,1
20080077,23383764,1
12066447,23634465,1
19660598,23098143,1
7885446,10264652,1
10912333,19660598,1
7885446,23098143,1
237568,373673,1
732800,11499032,1
16900369,18880061,1
13946914,23309803,1
3351872,7278557,1
3456232,17022288,1
4468255,6037295,1
160739,11658686,1
11277690,12783713,1
4407823,7087624,1
20508693,23099329,1
12066447,19979783,1
10912333,23098143,1
5724216,6368468,1
1158840,21161481,1
160739,19660598,1
5927306,23098143,1
5953607,6068118,1
10118207,11818436,1
6068118,14196271,1
413620,771802,1
4773756,14899566,1
4773756,12066447,1
1347808,11658686,1
10118207,20953665,1
3456232,13946915,1
4773756,13122193,1
762814,5927306,1
762814,4773756,1
8680491,10912335,1
6195313,13946915,1
10337387,23383764,1
1820410,18880062,1
1116,5150160,1
10912335,18880062,1
5856886,20080077,1
951388,3861343,1
1446728,21454371,1
413620,13122193,1
778875,1158840,1
17477953,18880062,1
10264652,21125948,1
18880062,19002156,1
3456232,5352578,1
5260867,13657103,1
6128274,14134127,1
14134127,23647453,1
687106,3253024,1
19301681,22792098,1
418257,11499032,1
15796840,23188868,1
11499032,16583451,1
11818436,21161481,1
3456232,19083029,1
17022288,21065519,1
598994,13940142,1
598994,12066447,1
2941028,5260867,1
20953665,23188868,1
8804480,22582847,1
14783950,20080077,1
1158840,19002156,1
771802,23099329,1
11339042,20826307,1
975289,4468255,1
1158840,21234510,1
5953607,6128274,1
4407823,6037296,1
10251387,14196271,1
6068118,17470307,1
4643706,20826307,1
6403868,21125948,1
14783950,14899566,1
427727,951388,1
975289,6037295,1
427727,19979783,1
2715258,11520258,1
10600673,17022288,1
951388,16900369,1
160739,1347808,1
778875,23647453,1
15126545,19979783,1
18880061,19002156,1
131720,143860,1
61347,494838,1
11658686,23188868,1
427727,21125948,1
1551466,17871426,1
53592,272491,1
598994,951388,1
5927306,10251387,1
13122193,19979783,1
3351872,21520698,1
1820410,21454371,1
14417449,19344618,1
20508693,23188868,1
20924118,23383764,1
4988270,5828731,1
11277690,17477953,1
771802,8702780,1
11499032,11658686,1
1630148,4773756,1
4643706,21161481,1
413620,10912333,1
427727,6068118,1
12234839,19301681,1
1116,22582847,1
951388,1820410,1
771802,16583451,1
19083252,22102074,1
3861343,20826307,1
5927306,5953607,1
10118207,12066447,1
7087624,7396681,1
19979783,20856391,1
3109016,6037296,1
778875,21454371,1
3351872,22582847,1
5927306,6403868,1
11499032,23634465,1
21520698,22582847,1
13356869,20924118,1
1820410,23099329,1
1820410,2941028,1
6068118,21161481,1
19660598,20856391,1
762814,14899566,1
19083252,21065519,1
427727,11818436,1
10912333,13122193,1
19083252,22792098,1
7885446,11499032,1
762814,21161481,1
4643706,11658686,1
19660598,21161481,1
1347808,1630148,1
427727,5927306,1
2109483,13122193,1
5472665,13946915,1
732800,23098143,1
8804480,17022288,1
13940142,23098143,1
778875,23098143,1
1605515,10264652,1
5927306,10337387,1
23098143,23383764,1
762814,21454371,1
771802,10254165,1
11818436,17477953,1
6068118,13356869,1
16583451,21454371,1
418257,21234510,1
7577030,21125948,1
160739,732800,1
19344618,23099329,1
2775424,10912333,1
10912335,21234510,1
418257,13940142,1
3351872,13946915,1
951388,19002156,1
2775424,20924118,1
5953607,15796840,1
6403868,11499032,1
6087658,22582847,1
16900369,23634465,1
13122193,17068622,1
762814,19344618,1
1446728,19002156,1
19660598,19979783,1
21520698,23160103,1
10062086,12234839,1
2109483,14899566,1
8722190,15297119,1
7577030,16900369,1
4643706,16583451,1
13946915,21520698,1
10912335,20508693,1
1820410,23188868,1
1446728,19344618,1
3109016,4468255,1
10509561,12234839,1
1158840,19344618,1
4773756,16583451,1
413620,13657103,1
10118207,23383764,1
1820410,16900369,1
3456232,19083252,1
4773756,23098143,1
12783713,23383764,1
3351872,23309807,1
17470307,20080077,1
10912335,20856391,1
5017412,6037296,1
7885446,19660598,1
3253024,8931241,1
10337387,18880062,1
18880061,20508693,1
762814,1347808,1
5927306,14134127,1
6068118,11658686,1
4643706,14417449,1
20856391,20953665,1
1820410,11818436,1
1116,5352578,1
418257,14196271,1
160739,8680491,1
10251387,19660598,1
6195313,15297119,1
5953607,18880062,1
3861343,4773756,1
2096403,3456233,1
1347808,10912333,1
3109016,4603629,1
1347808,14196271,1
11339042,20924118,1
427727,4773756,1
1446728,10264652,1
4724024,22582847,1
8804480,23160103,1
12234839,22582847,1
10264652,21234510,1
13940142,16583451,1
8722190,22102074,1
418257,21125948,1
6068118,19979783,1
5927306,13940142,1
11277690,15796840,1
12234839,21065519,1
2941028,13940142,1
13122193,23634465,1
3861343,11818436,1
6403868,10509561,1
2941028,21454371,1
14899566,23634465,1
5260867,12783713,1
7885446,23647453,1
2109483,17470307,1
2941028,10251387,1
4773756,18880061,1
17022288,23309807,1
13940142,15126545,1
22792098,23309807,1
8702780,20508693,1
10254165,14196271,1
1347808,16583451,1
10251387,23647453,1
2775424,15126545,1
5150160,19083029,1
7577030,20924118,1
12066447,21454371,1
8804480,21520698,1
732800,17068622,1
53592,373673,1
11499032,19660598,1
4643706,7885446,1
732800,14196271,1
1189509,2090333,1
10251387,20924118,1
17477953,23099329,1
10912333,13940142,1
7885446,19002156,1
1116,10509561,1
5017412,7655679,1
13356869,15126545,1
6195313,8804480,1
1116,6403868,1
1158840,23383764,1
1246,336689,1
10337387,14134127,1
4672830,6068118,1
951388,14899566,1
1605515,5856886,1
32681,237568,1
19069826,23309807,1
14196271,18880062,1
14899566,23647453,1
427727,23188868,1
4773756,11658686,1
4643706,14899566,1
598994,1820410,1
6128274,23634465,1
732800,13356869,1
10337387,20508693,1
10337387,23098143,1
160739,16900369,1
732800,23099329,1
7885446,10337387,1
6403868,10251387,1
10337387,17068622,1
7577030,19002156,1
6403868,13657103,1
3861343,23098143,1
53592,59823,1
23309803,23309807,1
1630148,20826307,1
951388,14783950,1
7885446,13122193,1
5927306,16900369,1
1551466,3058818,1
10912333,12066447,1
3351872,6087658,1
18880062,21234510,1
2109483,23098143,1
6037296,7655679,1
1820410,5260867,1
237568,494838,1
762814,12783713,1
11339042,13657103,1
5856886,21454371,1
1347808,10254165,1
762814,12066447,1
12066447,21234510,1
7577030,21234510,1
598994,18880061,1
6403868,19083029,1
1820410,17477953,1
7278557,22102074,1
160739,23188868,1
12783713,23099329,1
1158840,13356869,1
131720,237568,1
10118207,23647453,1
10264652,23383764,1
4724024,19301681,1
10912335,23188868,1
13940142,20856391,1
19660598,21234510,1
1630148,14134127,1
20856391,23383764,1
762814,8680491,1
2941028,20856391,1
5352578,13946914,1
13122193,20826307,1
5856886,21125948,1
20826307,20924118,1
2941028,20826307,1
17470307,17477953,1
11499032,19979783,1
2096403,6087658,1
21234510,23647453,1
6403868,12066447,1
8267314,21635675,1
3456232,23160103,1
10912333,20924118,1
2941028,23188868,1
6068118,11499032,1
3109016,8931241,1
18880062,20924118,1
1820410,19660598,1
418257,14417449,1
11499032,15126545,1
15297120,21065519,1
418257,18880061,1
10912333,23383764,1
23383764,23634465,1
6128274,10254165,1
3861343,23647453,1
2941028,6068118,1
2775424,23188868,1
1446728,23098143,1
13122193,20080077,1
951388,16583451,1
1605515,21161481,1
14899566,20080077,1
8680491,23647453,1
5927306,13356869,1
7278557,22792098,1
6087658,19565161,1
771802,15796840,1
8702780,17068622,1
6128274,16583451,1
13356869,16583451,1
368808,494838,1
11499032,23098143,1
778875,6068118,1
14417449,23099329,1
160739,20953665,1
5724216,8931241,1
1605515,20924118,1
13940142,14899566,1
6068118,19002156,1
1630148,21454371,1
1820410,12066447,1
5856886,14196271,1
2109483,10118207,1
1605515,19344618,1
32681,368808,1
10912333,18880062,1
11277690,18880062,1
762814,10118207,1
14196271,23647453,1
7885446,14196271,1
598994,2109483,1
8722190,17022288,1
7885446,15126545,1
413620,14899566,1
7278557,21065519,1
7885446,20953665,1
732800,4773756,1
8722190,22792098,1
5260867,18880061,1
7885446,23634465,1
10912335,13356869,1
10912333,12783713,1
12783713,17477953,1
19069826,19301681,1
1189509,5145801,1
3253024,5724216,1
18880061,20924118,1
771802,17477953,1
1347808,14134127,1
10118207,11499032,1
1551466,2326683,1
20953665,21161481,1
13946915,19083029,1
6403868,11339042,1
11499032,14417449,1
8702780,15796840,1
13356869,19344618,1
418257,20924118,1
19002156,20953665,1
5260867,16583451,1
1008326,5724216,1
4773756,10337387,1
2109483,3861343,1
3861343,21234510,1
778875,23099329,1
6037295,8931241,1
10264652,15126545,1
7577030,10264652,1
2096403,19565161,1
11658686,21234510,1
14783950,18880061,1
6128274,11658686,1
10264652,11339042,1
4724024,7278557,1
762814,20924118,1
7015918,8931241,1
53592,237568,1
501808,13946915,1
2096403,19083252,1
10251387,17470307,1
1820410,4773756,1
272491,494838,1
3109015,7015918,1
11499032,20856391,1
10912333,11499032,1
5150160,10600673,1
160739,6068118,1
10912335,14899566,1
6403868,21520698,1
4724024,19069826,1
4773756,10264652,1
10912335,19002156,1
4773756,23634465,1
6403868,13356869,1
20953665,23634465,1
3351872,21065519,1
1630148,5856886,1
778875,13356869,1
598994,19660598,1
1630148,13940142,1
427727,20953665,1
10118207,15796840,1
5260867,10254165,1
11339042,16583451,1
1820410,20826307,1
16900369,21234510,1
17470307,23383764,1
10912333,21161481,1
19002156,19660598,1
5828731,6068118,1
762814,2775424,1
17470307,23634465,1
14899566,21125948,1
4724024,13946914,1
413620,23098143,1
778875,16900369,1
10251387,21454371,1
418257,10251387,1
14899566,21234510,1
771802,20508693,1
2096403,17022288,1
4643706,20508693,1
8702780,18880061,1
10118207,16900369,1
15126545,21125948,1
951388,10264652,1
4407823,5724216,1
10600673,19565161,1
13657103,14783950,1
3456232,15297120,1
1820410,20080077,1
3456232,5472665,1
19069826,19565161,1
53592,82859,1
418257,1605515,1
160739,5260867,1
4643706,4773756,1
5260867,23383764,1
427727,4643706,1
778875,19344618,1
6195313,23160103,1
5260867,8680491,1
7577030,13356869,1
6128274,20080077,1
7885446,10254165,1
10337387,15796840,1
20924118,23634465,1
8804480,23309807,1
373673,429198,1
19083029,19565161,1
22102074,23309803,1
10509561,21065519,1
12783713,15796840,1
13657103,21161481,1
2109483,11658686,1
771802,10337387,1
160739,23634465,1
10912335,19344618,1
10912333,23647453,1
12066447,14899566,1
418257,13356869,1
14196271,16900369,1
11499032,14899566,1
3351872,5472665,1
14196271,14783950,1
4643706,20080077,1
13657103,16900369,1
19565161,22582847,1
5260867,18880062,1
3456233,6195313,1
2775424,14417449,1
427727,17068622,1
3861343,11339042,1
17068622,23099329,1
687106,3109015,1
160739,3861343,1
14783950,16583451,1
6128274,14196271,1
7577030,23188868,1
762814,14196271,1
10912335,13657103,1
10509561,22582847,1
413620,18880061,1
257008,272491,1
418257,14134127,1
975289,6037296,1
3456232,10600673,1
4407823,4468255,1
1446728,10251387,1
3861343,5953607,1
14899566,20508693,1
778875,10118207,1
4407823,6037295,1
11499032,14134127,1
5953607,13940142,1
1630148,21234510,1
6403868,20080077,1
10509561,23309803,1
15796840,20856391,1
975289,1008326,1
11520258,21635675,1
12783713,20080077,1
732800,7577030,1
6128274,19344618,1
12066447,23647453,1
778875,17068622,1
5856886,21234510,1
10254165,20953665,1
1347808,17477953,1
15796840,23098143,1
951388,20953665,1
20826307,21454371,1
2109483,11818436,1
6037296,7396681,1
2941028,14783950,1
1158840,21125948,1
20924118,21454371,1
5953607,16900369,1
1605515,14899566,1
7278557,19301681,1
5953607,23383764,1
8680491,17477953,1
14417449,20080077,1
15126545,20508693,1
1630148,20856391,1
732800,5927306,1
1630148,14417449,1
18880061,21234510,1
6403868,15796840,1
14899566,17477953,1
1347808,19002156,1
10251387,10254165,1
13657103,23647453,1
11818436,20924118,1
1347808,18880061,1
5150160,23160103,1
17470307,18880061,1
16900369,19344618,1
4773756,6128274,1
368808,429198,1
13940142,17470307,1
11277690,20856391,1
2775424,13122193,1
18880062,23098143,1
2775424,10118207,1
1158840,10251387,1
427727,16900369,1
6403868,13946915,1
11339042,21161481,1
4773756,11499032,1
1347808,10251387,1
4773756,14417449,1
2109483,5953607,1
951388,10912335,1
501808,19565161,1
951388,8702780,1
11339042,20856391,1
5260867,19979783,1
10254165,17470307,1
1446728,16583451,1
6403868,23098143,1
951388,23383764,1
951388,23099329,1
1446728,13122193,1
10337387,14899566,1
501808,7278557,1
10912335,19660598,1
2109483,19344618,1
14783950,23188868,1
598994,15126545,1
6068118,10251387,1
10264652,11818436,1
4643706,11339042,1
7278557,19083029,1
12066447,14196271,1
14196271,20953665,1
951388,10912333,1
3351872,10062086,1
11658686,19344618,1
2096403,8804480,1
1630148,19660598,1
21125948,23634465,1
771802,11339042,1
1630148,18880061,1
15796840,23647453,1
427727,10337387,1
501808,5472665,1
14134127,17068622,1
8702780,19979783,1
1008326,4468255,1
10254165,23188868,1
5150160,8804480,1
2775424,17477953,1
5856886,12066447,1
771802,23098143,1
19083252,23309803,1
6128274,18880062,1
3456233,19083029,1
1158840,13940142,1
14899566,20856391,1
762814,3861343,1
160739,13356869,1
23099329,23647453,1
53461,66299,1
2775424,23098143,1
4643706,10118207,1
5927306,13657103,1
19002156,23099329,1
5856886,10912333,1
4407823,7396681,1
3456232,19301681,1
7087624,8931241,1
10509561,22792098,1
14783950,23634465,1
5856886,13122193,1
7885446,10912333,1
2775424,12783713,1
3456233,5352578,1
6087658,21065519,1
11339042,17470307,1
10251387,18880062,1
5472665,19069826,1
3861343,18880062,1
427727,11499032,1
778875,2109483,1
160739,11499032,1
10509561,23160103,1
160739,10118207,1
427727,7577030,1
5927306,16583451,1
13946915,23309807,1
732800,11658686,1
10337387,21454371,1
10912333,17477953,1
3861343,20924118,1
2941028,23099329,1
2109483,15796840,1
5927306,14899566,1
5724216,7396681,1
7577030,16583451,1
15796840,20953665,1
6403868,23634465,1
8702780,18880062,1
257008,488320,1
1446728,20953665,1
5017412,7015918,1
2775424,5260867,1
1605515,5953607,1
7577030,13940142,1
13122193,14134127,1
11499032,20508693,1
23098143,23188868,1
771802,23188868,1
5260867,7885446,1
778875,11658686,1
11499032,15796840,1
5953607,14417449,1
6087658,22102074,1
10912333,20508693,1
771802,1630148,1
13940142,14783950,1
11339042,19660598,1
771802,19979783,1
14196271,15796840,1
18880061,23099329,1
5145801,6068118,1
21161481,23383764,1
8722190,10509561,1
6403868,22582847,1
7885446,14134127,1
5953607,11499032,1
1347808,8680491,1
14783950,20953665,1
598994,20826307,1
13940142,17068622,1
160739,17477953,1
5927306,13122193,1
10254165,15796840,1
15796840,19002156,1
13122193,15796840,1
5150160,7278557,1
732800,2109483,1
1630148,5260867,1
53461,61347,1
418257,427727,1
12066447,15796840,1
10118207,18880061,1
5260867,21125948,1
11658686,14783950,1
10254165,14134127,1
12066447,19344618,1
4643706,14783950,1
1446728,7885446,1
12066447,20826307,1
4603629,7655679,1
427727,23099329,1
143860,494838,1
22582847,23309807,1
12783713,13657103,1
1605515,11339042,1
501808,23309807,1
4773756,13940142,1
732800,20826307,1
11339042,17477953,1
6403868,19301681,1
598994,10912335,1
5150160,13946914,1
3861343,5927306,1
10251387,15796840,1
6403868,12234839,1
771802,20080077,1
13356869,18880061,1
16583451,21161481,1
11339042,14417449,1
778875,5927306,1
11277690,23098143,1
5927306,23188868,1
8702780,20856391,1
10118207,17470307,1
16583451,21234510,1
15297120,19565161,1
12783713,19002156,1
2090333,5828731,1
1605515,10118207,1
20953665,21234510,1
16900369,20826307,1
10264652,20924118,1
2090333,6068118,1
5953607,23099329,1
1347808,10118207,1
20080077,20508693,1
427727,762814,1
15126545,23098143,1
5145801,5828731,1
2109483,20508693,1
5352578,6087658,1
951388,11658686,1
2775424,5856886,1
413620,732800,1
5953607,19002156,1
14196271,20856391,1
14417449,18880061,1
23188868,23634465,1
10251387,19002156,1
10912333,15796840,1
2941028,20080077,1
14134127,17477953,1
10118207,13356869,1
501808,15297119,1
6403868,10264652,1
2775424,20080077,1
5150160,6087658,1
17477953,23383764,1
3861343,14783950,1
4643706,10251387,1
10251387,20826307,1
4773756,20826307,1
13940142,23383764,1
11658686,19979783,1
11818436,16583451,1
98430,497400,1
2775424,19660598,1
2941028,8702780,1
3109015,6037296,1
